frame,FaceRectX,FaceRectY,FaceRectWidth,FaceRectHeight,FaceScore,x_0,x_1,x_2,x_3,x_4,x_5,x_6,x_7,x_8,x_9,x_10,x_11,x_12,x_13,x_14,x_15,x_16,x_17,x_18,x_19,x_20,x_21,x_22,x_23,x_24,x_25,x_26,x_27,x_28,x_29,x_30,x_31,x_32,x_33,x_34,x_35,x_36,x_37,x_38,x_39,x_40,x_41,x_42,x_43,x_44,x_45,x_46,x_47,x_48,x_49,x_50,x_51,x_52,x_53,x_54,x_55,x_56,x_57,x_58,x_59,x_60,x_61,x_62,x_63,x_64,x_65,x_66,x_67,y_0,y_1,y_2,y_3,y_4,y_5,y_6,y_7,y_8,y_9,y_10,y_11,y_12,y_13,y_14,y_15,y_16,y_17,y_18,y_19,y_20,y_21,y_22,y_23,y_24,y_25,y_26,y_27,y_28,y_29,y_30,y_31,y_32,y_33,y_34,y_35,y_36,y_37,y_38,y_39,y_40,y_41,y_42,y_43,y_44,y_45,y_46,y_47,y_48,y_49,y_50,y_51,y_52,y_53,y_54,y_55,y_56,y_57,y_58,y_59,y_60,y_61,y_62,y_63,y_64,y_65,y_66,y_67,Pitch,Roll,Yaw,AU01,AU02,AU04,AU05,AU06,AU07,AU09,AU10,AU11,AU12,AU14,AU15,AU17,AU20,AU23,AU24,AU25,AU26,AU28,AU43,anger,disgust,fear,happiness,sadness,surprise,neutral,input,frame,approx_time
0,279.11705729166664,172.58376813616073,52.87970610119049,66.4354561941964,0.9976121187210083,281.14859738026644,281.5562453498647,282.27886745617093,283.4376829875947,285.53585415547025,289.24352024620305,294.9747786562513,301.88277176419115,309.1194706214881,316.40732059717345,322.90490254397406,328.0195059365581,331.0664247410242,332.6693324338322,333.87722490805083,334.8010955050629,335.30069859264086,285.20450995021775,288.30372625305375,292.81887864360635,297.6147503866519,301.8978635893573,312.72433553286163,316.96122289324444,321.6981457581102,326.2132387507363,329.4737952654185,307.0958165283291,307.1582461250021,307.2336007104824,307.29850601273205,302.4609606844512,304.8465382233855,307.3942792294274,310.02351656655014,312.4507249242127,289.8934262229243,292.7772882154681,296.22672776051667,299.6773718955146,296.3855316809012,292.9551731257629,314.35461854203686,317.3960537299281,320.7697134003426,323.881247645177,320.77213683574394,317.4250779327351,298.1057835413938,301.41638399711434,305.03702974960146,307.4055885946338,309.8934873776813,313.8313323132032,317.61282289882956,314.0539557417409,310.34145703570766,307.5714323572676,304.95019473288653,301.5223879126708,299.5433701733212,304.9831011841698,307.40508490021705,309.9196509763479,316.28027556013217,310.17639257386963,307.5982231980381,305.1137433596402,202.77347499053292,209.50217189344428,216.30962094323195,223.128498154079,228.99705605920022,233.7006970778871,236.57557572802648,237.95131248704357,238.3766776701595,237.72994829454774,236.1107370588729,232.5932963916453,227.1237832604475,220.86420642923213,214.33897831151944,207.52424945185942,200.63867549729932,190.4111556132439,187.54694007887056,186.47551790467088,186.88649215815337,188.30146005966802,188.3265972621646,186.8371823754867,186.39983306671925,187.50171687354734,190.37198386867288,193.9113542503658,197.3984402012327,200.6466276916997,204.02456638873954,210.84667484678843,211.30380128916468,211.4883150080573,211.2223596041763,210.63837344628942,197.25299606247745,195.1356001617096,194.94958486323495,196.81039122517296,198.10820978420188,198.37844659062534,196.5006833086289,194.53306284341696,194.75995817082884,196.67910042434517,197.8010702339999,197.69580522864916,222.42522195243524,218.96992577183343,217.20113154988454,217.7093877273956,217.1998913211791,218.96032706691034,222.0053213785577,223.7521003530271,224.35715139156937,224.4568876379211,224.31434686981342,223.77665307992686,222.099749826197,219.67226111032136,219.7422841379186,219.61134259689865,221.7241838646622,221.6162316971164,221.67951662393102,221.55400642931062,8.826814520048483,-2.2359277861186313,-0.7528966456365881,0.60418695,0.41225776,0.36327568,0.33101624,0.06906993,0.0,0.14076264,0.00058660406,1.0,0.02411768,0.33782533,0.68599224,0.56240034,0.0,0.33002466,0.41032997,0.28457195,0.30807427,0.1631739,0.10201037,0.77415586,0.0038830782,0.033444438,0.0007425452,0.02156879,0.073353976,0.09285133,P16_T11.mp4,0,00:00
0,409.36194196428573,269.90484793526787,17.79311755952375,24.145186941964255,0.8644006252288818,409.0308026209579,409.0490064788036,409.3270195365012,410.03275611651134,411.36645606463907,413.3888609350606,415.81748603960347,418.48025412628726,421.06883813539685,423.4580090991611,425.43106499176406,427.0609283184862,428.2457528057006,428.95553703809094,429.29168345070843,429.35390374722095,429.2286462839769,412.166510500724,413.6187140533029,415.6217998566949,417.5503233698744,419.1537765743467,422.2895289243202,423.7180605105314,425.31935583056685,426.88587631184976,428.0198562406755,420.5926131597055,420.66230272407677,420.74945051475663,420.8399832222002,418.9138481477372,419.88061146143525,420.89070343670767,421.89125547310107,422.8330515716697,413.9411550070239,415.27969270927633,416.48282337898854,417.8393667660261,416.6302667265211,415.4092745763858,422.90916038890373,424.0115379749438,425.1142816846339,426.4296620660265,425.1687149455914,424.05890608565613,417.7543803137799,418.8316982902789,420.0388615011357,420.8758132569439,421.65962009256276,422.79479683124424,423.8281152073104,422.9597182655664,421.9996108035048,421.06550675558196,420.1185866529122,418.93079172853777,418.280802223479,420.0861743479009,420.9214267373338,421.7008400891532,423.40097497869016,421.8401294139816,421.0353948123713,420.17798158012596,281.87680921062446,284.56525258176066,287.3129276787666,289.9665728966725,292.1657792230579,293.77046291385375,294.77228429403357,295.23817663860376,295.3218307116238,294.80245668218635,293.7453989868169,292.17708415424954,290.1444692695896,287.8548338556615,285.4247174880444,282.88899517139487,280.42347188362953,278.44319972842584,277.4793420894497,277.3244061595807,277.64685402129516,278.2270132116172,278.12617205102924,277.589793995849,277.2324814914679,277.3305093717455,278.1261685970326,280.27492066665616,281.9610426915906,283.5193512957247,285.0444980775641,286.75344583967535,286.98636092599014,287.0799884144749,286.8808326918834,286.5591188044673,280.9355381195538,280.5925519299757,280.4770511439035,280.8009021917764,281.2147194916344,281.3121740084602,280.64519256664704,280.26238093164517,280.3061180283291,280.4795250690383,280.95479501464274,280.9686075474368,290.17722870126903,289.12477518349755,288.42499890653886,288.56780094600884,288.36783871518844,288.885069539675,289.62717281916576,290.3692501936813,290.9447862094235,291.0979502389866,291.0764145695764,290.691872482229,290.09193225281916,289.4557768680338,289.5016114042124,289.38727893252326,289.60073592844157,289.6381219886975,289.73913066812526,289.7381704570433,8.826814520048483,-2.2359277861186313,-0.7528966456365881,0.37902957,0.27615717,0.44247335,0.31537926,0.11307233,0.0,0.2965396,0.03926959,1.0,0.0576279,0.41229644,0.6940651,0.5337842,0.0,0.74727595,0.64160275,0.59170645,0.12737578,0.211824,0.26364332,0.5610056,0.00011645953,0.00113964,0.0066318023,0.3122881,0.00014845029,0.11866987,P16_T11.mp4,0,00:00
1,280.35682663690477,172.46353585379464,52.42423735119041,65.96793038504464,0.9977549910545349,281.55530282953424,281.9435228567107,282.6447092440634,283.76834524836323,285.81816072238155,289.35781148275794,294.86675832237194,301.5791999858968,308.67116567632974,315.84804122722414,322.33126566609343,327.51335991178723,330.6557207119888,332.3331522689234,333.61042154329397,334.60854118777786,335.1735216935523,285.7192101007704,288.9803493940579,293.51043235538197,298.3261362240577,302.67952004590666,313.1666533723428,317.36017328475344,322.00476695172836,326.4526554883774,329.76121228285734,307.6066535089065,307.586123776314,307.58969560062394,307.592035924082,302.7503384224823,305.12726482249604,307.6787930358214,310.32946886371025,312.8213424208262,290.2048221979978,293.1600113830891,296.5720944618282,300.0099093026205,296.7364526416169,293.353550470995,315.17157450639684,318.21575968121306,321.5165216886917,324.5834070573719,321.53012953718553,318.25385127652885,298.34005548656006,301.71814961362605,305.34478514825565,307.7276614431899,310.2012700968663,314.1047172971215,317.86311634531387,314.2788354750411,310.56519511298353,307.8191275122097,305.2248081830763,301.81022907387484,299.82550974402545,305.2848285148259,307.7175782350653,310.2195727474584,316.47600757542034,310.43287246972363,307.87585204570246,305.39573908580246,203.0034254861559,209.560370113953,216.2454851982296,222.9428775438727,228.70343746558896,233.26331236706216,236.04143201874393,237.31419994517304,237.72373767675143,237.06415336990156,235.45422787690643,232.05624335964427,226.75849655693497,220.68313010135566,214.29860031121933,207.59906109627502,200.83655019409116,190.15273532929942,187.54835874320872,186.5916241331005,186.9063362990822,188.1580035672365,188.0103060369041,186.54218951844376,186.08767369540647,187.01708408546338,189.68335420574897,193.5684515714714,197.03481505557573,200.2927788696551,203.6847450752828,210.4334759075893,210.88127509666998,211.07432818998683,210.76748630531156,210.1943429777985,197.00709684961976,195.0772689571675,194.85734460962993,196.50182997998053,197.7628137172233,198.044032362909,196.08359860733077,194.26204134437367,194.44988297144175,196.23210534224594,197.30055972791348,197.19616997753974,222.076415249085,218.66768223013455,216.87821240604097,217.36933117106548,216.86223120533063,218.6261981094834,221.60823731602204,223.41664677390696,224.04932679777767,224.1467899456587,224.00455395646068,223.48792283470726,221.79147614967619,219.4537100612348,219.5095522550367,219.37354926440332,221.39600395081632,221.29410551251078,221.35561921598315,221.2369232947934,8.379792734582828,-1.3596970763642957,-1.6975886940666354,0.51353246,0.37812904,0.40616643,0.3337546,0.064242385,0.0,0.14563052,0.0008461262,1.0,0.03257434,0.23061201,0.66116023,0.5344768,0.0,0.42609274,0.65375555,0.18540254,0.36454958,0.39747348,0.06745378,0.8474313,0.002121115,0.019604286,0.0005545664,0.01867803,0.0387477,0.07286299,P16_T11.mp4,1,00:00
1,409.56439732142854,270.3961983816964,17.368563988095218,22.368038504464266,0.8696080446243286,408.9826480263622,408.98921836142574,409.2599216056598,409.98388757567665,411.4187652394695,413.4789366556185,415.9190831835995,418.5145163230385,420.9492624331691,423.1463229626377,424.9572172183793,426.51652287727757,427.6559046512377,428.38778566116264,428.7873157892236,428.90791685513386,428.7734111731556,412.2589565850334,413.69146241666414,415.6477247857261,417.53386011718555,419.088091735138,422.49320277936255,423.7552142756792,425.23999880791376,426.7501399458396,427.8069355638415,420.7359943246542,420.8246792490454,420.9249633526443,421.0301463095857,418.9048774999217,419.9273971433934,420.9805882164636,421.9755802078738,422.90553680138197,413.99000769071347,415.4018685832415,416.62174466118546,417.94026575871476,416.7410546184584,415.5151661659679,422.8958574863191,423.98636111904165,425.07692394757544,426.3761904076201,425.12816192182413,424.0187876244458,417.95155455988566,418.9511302269413,420.1142511210507,420.90850371737696,421.6259569482545,422.70124085797,423.67811893117477,422.9051784267416,422.030725105657,421.14154002703526,420.2468273395636,419.1182192032289,418.4423758279143,420.130966738204,420.9179046521389,421.64050311892424,423.30449896963347,421.89696177114797,421.151716906889,420.33442914059987,281.22330007851224,283.904860723313,286.6512663794881,289.2910043837832,291.4617259770732,293.0458682784568,294.0581582458108,294.5328942520803,294.6419793328959,294.0505635832317,292.88894978247583,291.2338797001527,289.1660884232077,286.8862401520458,284.5096451269715,282.0326236083744,279.58515359862474,278.27347521688455,277.4455586027243,277.3515804528974,277.7103806631284,278.2701370531029,278.16544846117876,277.5953584024453,277.15011710904224,277.1944539716341,277.9341104313452,280.41825464591915,282.0716928437193,283.5651983588312,285.03754217140806,286.7119724837438,286.8994232191728,286.9423449819013,286.76146978116793,286.4369999416179,280.92047190753345,280.63294345390113,280.49976167823934,280.82268362732276,281.27960649410295,281.38407270176367,280.63365060386116,280.21796641890927,280.2443189541255,280.37958538227116,280.93695074144216,280.9676557686632,290.0470980803466,289.06674185326625,288.37423405717556,288.4998091711074,288.3003608846608,288.8022341706158,289.4899567053257,290.1876657333617,290.7523489746977,290.9091074819999,290.87966476545404,290.4897627560788,289.93007436129267,289.38969020048154,289.44372477683436,289.3140299544254,289.4545016142333,289.5055060050111,289.6058445047607,289.5874506063676,8.379792734582828,-1.3596970763642957,-1.6975886940666354,0.33397785,0.48481008,0.17409977,0.39335984,0.093859464,0.0,0.1836286,0.018205961,1.0,0.063657686,0.2518481,0.73787683,0.5249675,0.0,0.46550393,0.7625268,0.25745836,0.13233879,0.35468033,0.2136482,0.8139252,0.00014689867,0.0028777581,0.0026736795,0.1282026,0.00064130465,0.05153244,P16_T11.mp4,1,00:00
2,279.7340587797619,172.6801967075893,52.53056175595242,66.0405552455357,0.9979398846626282,281.5402314048537,282.1115872351457,282.95477259969556,284.1371163495593,286.1870652361554,289.72982281895753,295.28630999184196,301.99219742677275,309.0182048231513,316.08363056642537,322.46373445717285,327.5207659036922,330.5167114225858,332.0749618962008,333.34961283365527,334.43702544245906,335.07639622505155,285.3267049034435,288.6606763272832,293.2364307781778,298.05257573848303,302.4004784459147,312.6753252096308,316.8573921683737,321.47427018164956,325.9562141628803,329.34840263536,307.30911599466344,307.2921913766974,307.2890076779787,307.2690694104837,302.6225815820473,304.9977790664173,307.5166752014861,310.09164505686607,312.4915539950149,290.0412466537864,292.96599588345504,296.4040622102454,299.81095521404757,296.5753725981255,293.1882997721033,314.8968856128804,317.9214702494765,321.268293377009,324.37170998380753,321.32311062275164,318.0045392786562,298.3278948238218,301.55382242463844,305.1346568551728,307.5104306173524,309.9555395748473,313.8751733979616,317.62074298104005,314.09637432867095,310.4245919231665,307.7166672193662,305.12615203389237,301.71977390124795,299.7627179272295,305.12424842768513,307.54683059113034,310.0289772068646,316.25668395850005,310.25313038045107,307.71852358968727,305.24940699311554,203.69536571143294,210.2120096543508,216.79526092016536,223.33971735278013,228.92752900348808,233.3284114806956,235.9481987447448,237.0655683524714,237.36808586098851,236.7325648031078,235.25488930388985,231.96655365044484,226.74644503098114,220.73355764185177,214.44964018583565,207.86221326769564,201.2039821181847,190.36956723953648,187.73800170730468,186.87531854989706,187.27264792886197,188.5545212332911,188.30411435424682,186.80923790712959,186.2710487542165,187.07775738667365,189.62895105881833,193.7247015212167,197.13654248408093,200.34327105901903,203.67341755698718,210.58992980774426,210.94120419782587,211.0554772533197,210.77040868110356,210.23169284806121,197.31071300486036,195.25291941849116,195.03626258001827,196.77113511689788,198.05636216923546,198.3392437199282,196.24212862022986,194.2842176766742,194.42603397731452,196.27258395775038,197.37674404994752,197.31277485128575,222.4718099063771,218.82937043327703,216.90058277525574,217.36016432842507,216.83837311334875,218.63810760713613,221.7317605562914,223.52032848662031,224.15830108698623,224.27423684566847,224.1735960668841,223.7473913907865,222.1288443086489,219.5163360946376,219.51023794175057,219.36272499325452,221.51042264151252,221.43435869423172,221.51387558478163,221.42605934905552,8.786366840791919,-1.523273557736432,-2.1959413112864428,0.6048396,0.43890643,0.45242748,0.33864945,0.06419853,0.0,0.11402261,0.0036384542,1.0,0.035538897,0.28508312,0.5072113,0.5675115,0.0,0.30658513,0.41497198,0.29800516,0.38081452,0.3544049,0.064271815,0.754884,0.0017380099,0.024074407,0.00055923086,0.029521562,0.083021164,0.1062015,P16_T11.mp4,2,00:00
2,409.61395089285713,270.4574497767857,17.225669642857156,22.237269810267833,0.8819311261177063,408.9911040730001,408.983084603187,409.2222519298818,409.8966051224166,411.2874948412126,413.32148814360136,415.7475519254837,418.33340149617203,420.7441778654981,422.8949131443531,424.6617795296113,426.1895537408817,427.30571379250614,428.0255478923076,428.4352375064411,428.57949094053475,428.4732226270434,412.3419453748265,413.7800763238196,415.7236406403914,417.58756774081724,419.13569044218167,422.52898705895973,423.75941421695336,425.1882222539454,426.6400628062813,427.64099029771336,420.7612363370859,420.8619552792607,420.97462071841414,421.09552989260163,418.9856061123453,419.97815785446437,420.9844422626617,421.92764452245405,422.8048428238361,414.1148653305148,415.4925313539466,416.6992428624662,417.98729027688967,416.8216232801239,415.61101894090865,422.76185070383445,423.79661997614977,424.8614551028636,426.1074106392359,424.9230294255282,423.845799271394,417.95853899841353,418.9631684565235,420.11910934105066,420.89404270171406,421.59188767613546,422.5933432246833,423.47719949921844,422.74122466564796,421.9145528413688,421.06280148515526,420.20346646530254,419.1011186064304,418.45041068226317,420.116946215516,420.88174787790297,421.5760284667926,423.1186010015738,421.81157216058347,421.09528813151246,420.30569959535165,281.22415868791035,283.8814836521849,286.6089813631244,289.2180781711766,291.36570395707554,292.9221014088768,293.89819908213104,294.34632234730856,294.4524634181214,293.8927642292252,292.7587472582053,291.14234374975206,289.1112499898998,286.86800928376783,284.5305183351298,282.09612095307176,279.6927914615055,278.3501728433359,277.52159078834563,277.4332247244539,277.78618716670735,278.33117233036734,278.2520583997368,277.7156470068082,277.29897972229185,277.35286222504055,278.0849879675861,280.42603693962195,282.02655101859625,283.47348954674254,284.90084860773305,286.6189094731152,286.78149857718216,286.81263167954666,286.65272262439584,286.3576086801269,280.89101190703474,280.5690147658635,280.43356652512284,280.8018672770039,281.2438685788116,281.3441469432121,280.6538490501598,280.2107391465156,280.2393544343791,280.4202664841515,280.96025578214653,280.9846816048201,289.98433517169906,288.9819491610646,288.2656905805293,288.39453492625535,288.19939714502544,288.72524182877055,289.44282532369584,290.0764684141414,290.59611956051003,290.73971292320886,290.7177349315632,290.37835166890704,289.8590774789735,289.26718271134723,289.3174753800284,289.2030476297776,289.38882353093607,289.3762328678975,289.461302551149,289.4487627851818,8.786366840791919,-1.523273557736432,-2.1959413112864428,0.3944446,0.5136869,0.24778475,0.42480704,0.098066896,0.0,0.17837247,0.008351371,1.0,0.051989026,0.29346552,0.644223,0.51453453,0.0,0.5623147,0.7582298,0.06828761,0.25971323,0.6322578,0.22186089,0.60380733,0.00012517108,0.004750696,0.002236014,0.22975741,0.0015130148,0.15781035,P16_T11.mp4,2,00:00
3,279.3972470238095,172.65408063616073,51.82057291666666,65.05833565848212,0.9977109432220459,280.6649391075134,281.4534780966589,282.54384982989495,283.9575399172527,286.1691582600162,289.7723796365856,295.26688146272585,301.8571366037798,308.7914011520721,315.8688022783179,322.39425740583835,327.7065788485206,330.92303830452425,332.70075179202615,334.14356012179434,335.3576105135849,336.1082352942446,284.6781751185638,287.88820715589713,292.35418239474706,297.1442926479732,301.49469533746225,312.3632357855239,316.7106929140947,321.599002491266,326.3580703481486,329.8948188373297,306.6363766669507,306.5939615203952,306.5622630038472,306.51357516200295,302.2165718158269,304.4679738443255,306.89524633431506,309.4559159725554,311.83760904833645,289.3522323656126,292.33928009010157,295.8058935174193,299.30702538216417,296.04569847217397,292.6045806661373,314.3489161111888,317.43999611477454,320.9212675466616,324.2695606304286,320.9589921317549,317.5095262431159,298.2493875324656,301.2882385064365,304.69474248168297,306.9547997128797,309.251681108889,313.08889077173313,316.8315539784375,313.298476970401,309.72172376208255,307.13831327675325,304.6660453660706,301.44111218742535,299.61986442635254,304.690165926923,306.9884945100501,309.3127375145889,315.41606537718576,309.5612860854025,307.18573075820143,304.85241375083405,204.0834263470947,210.6951310348351,217.36945564876277,223.9617978104673,229.5436636705083,233.91334977934187,236.4359132590366,237.36541688212506,237.49735753658845,236.67625334729144,235.1426863758976,232.01391901389692,227.04106765037136,221.24471097680023,215.00420745810808,208.36054832040648,201.60419006757306,190.9070598596119,188.22018945536428,187.22346375798725,187.5196531703187,188.71983429778575,188.44452672529718,186.9089239199354,186.29734776262146,187.18748882677272,189.97930821706956,193.8100846445749,197.17894779475424,200.24363873678027,203.4317966106281,210.94982200756354,211.18244221341183,211.14918017637635,210.90925888825208,210.38413936455603,197.81586135996665,195.67980619409187,195.37319796517923,197.06664886641383,198.50634178854415,198.8652255804194,196.34856020256328,194.30798913978722,194.47564646538453,196.3627365869825,197.5774896323254,197.51462773272942,223.0135412481996,219.38027794226522,217.23117715232374,217.62462591497393,217.00945040320462,218.82265022176867,221.88472133631134,223.51290456386667,224.23897835020642,224.47027700897604,224.45285492354506,224.05789848042485,222.6061743612107,219.99696113450455,219.9332104479648,219.7006833088122,221.6397977132944,221.2345062136191,221.40255209267087,221.42300349904622,9.19448810341213,-2.547164202753377,-0.01062523404745442,0.639847,0.3651969,0.54448897,0.35924238,0.05742123,0.0,0.10406643,0.00093991164,1.0,0.026237216,0.2161287,0.43873543,0.47263053,0.0,0.41304767,0.5387279,0.2658719,0.35809416,0.53263855,0.10405363,0.7426018,0.0034995526,0.061952896,0.0009083881,0.028987324,0.0927971,0.06925293,P16_T11.mp4,3,00:00
3,409.8033110119047,270.5041782924107,17.045572916666686,22.045521763392856,0.8973212838172913,409.0960278108688,409.071210657249,409.2866407379914,409.93397956458244,411.3003417561991,413.29522738655396,415.6874275454561,418.241000107505,420.6217415256968,422.72754018163045,424.448144130922,425.9515318582107,427.06026554412205,427.78274332447876,428.21000912798235,428.375023193668,428.2751490808494,412.4802352941584,413.9174329073975,415.8424343319457,417.68697701100245,419.2233525716517,422.62101031753366,423.82028335019714,425.21036247026075,426.62827401529734,427.5891919959094,420.8643965620495,420.9750876504113,421.09528222442907,421.2214813236463,419.0760367178461,420.06094283970305,421.0495875984424,421.96815380848346,422.81716024314323,414.2188346856347,415.58781124247736,416.7896734112694,418.0660237019531,416.9121914274829,415.7054466399198,422.7833169856964,423.8089397172441,424.8543720207669,426.06069027890084,424.91404672039306,423.8550931974411,418.0018700491155,419.0128709418566,420.1659605347698,420.9233080814769,421.60083549422245,422.5538236541338,423.37766091042295,422.667271021395,421.8635981212643,421.03754858849004,420.1987914746803,419.1135870758035,418.5000091178878,420.1497918369242,420.8984479595505,421.56998030800804,423.03913688047624,421.7780115617106,421.0809725957038,420.3100896382003,281.16700184416493,283.78817104244774,286.48252669887415,289.0529176080287,291.17651066177655,292.7080919054959,293.6617533669461,294.0969773738851,294.1902777299924,293.63033998695,292.48840323194025,290.87606522401563,288.8670895369244,286.6560808140558,284.3544491730497,281.9580381200968,279.5954182895772,278.49324574582846,277.6852326525224,277.5867973866693,277.91074924759516,278.4143441086969,278.2532555328968,277.70968201320557,277.2816853542844,277.31867515323216,278.0371091823088,280.3992709470274,281.95515411889147,283.3642969757362,284.76018351867526,286.5104111588607,286.6542974322279,286.67200983547536,286.50895733211854,286.20853870027366,280.9238958376949,280.6015341983193,280.4472188467825,280.78491110492183,281.25030517039687,281.36630540695904,280.5580116399436,280.1040999674578,280.1236178279934,280.29393473460505,280.8472971441174,280.8763728905504,289.9096614915209,288.9009501393758,288.1806893659599,288.30501678150813,288.09864591778324,288.60965655672464,289.3189379422823,289.94383745769073,290.454179525549,290.5983527799001,290.589666086275,290.27802365969,289.78056893018675,289.18007856658727,289.2220219411428,289.1004539581312,289.2598466655353,289.2508509154661,289.3361741463148,289.32910369174687,9.19448810341213,-2.547164202753377,-0.01062523404745442,0.36179602,0.36625922,0.2518802,0.5719101,0.09131458,0.0,0.20920157,0.012674213,1.0,0.027680164,0.25674382,0.6811464,0.5441721,0.0,0.60051394,0.8001884,0.017430868,0.109341525,0.625721,0.2050702,0.4709194,8.934604e-05,0.004144134,0.0017514105,0.3428974,0.00089941785,0.17929886,P16_T11.mp4,3,00:00
4,280.10048363095234,173.09088657924107,50.98054315476196,63.31361258370535,0.9973276853561401,281.5951746744141,282.22458433813244,283.2615390488527,284.6610398122357,286.80856295571584,290.28057495305325,295.4748539172883,301.8237006328733,308.6679925368414,315.7340267868793,322.2495442436173,327.48851539343946,330.75564141189733,332.6047358712054,334.08642062324316,335.2246380720232,335.82918943401546,285.3113520958368,288.43617659228136,292.7260263767632,297.3226667990787,301.51410003444,312.2637141251019,316.42967430909755,321.10628652707373,325.65766190318044,329.1672868420965,306.65019175654226,306.58839073752245,306.529456285883,306.45291033259707,302.20880561982545,304.3831286776135,306.74056787851623,309.2445575064,311.5842923705358,289.7729004357434,292.6341082860799,295.97107575070413,299.4037901886659,296.24901504449343,292.9509885165257,314.35230508121384,317.2782416532738,320.6362962758864,323.9338223999118,320.74235021187417,317.442147719252,298.32130777627384,301.0700787100181,304.36853771379134,306.62528930152723,308.95256614534185,312.82115958837335,316.5123926657632,313.1491438049433,309.6567409130217,307.0647481194156,304.6120442349479,301.423791840603,299.7227739270867,304.40239989007335,306.67776152306914,309.0287860435702,315.0416398152359,309.4544916779924,307.06894607828065,304.75934639997814,203.52212003213202,209.97085054459623,216.43788542570397,222.85719399777307,228.39477723773717,232.92012255175504,235.85328667758913,237.35040923089016,237.7699017050503,236.96713603936504,235.10278039194995,231.61371050728252,226.42783651786252,220.54217591841123,214.2515368234001,207.67819893646902,201.01920140454126,190.3183800946684,187.69273570200494,186.6620620796837,186.90560935772254,188.1421505205026,188.20516745317428,186.71329348059024,186.2088410212442,187.03847452937433,189.5347520494402,193.74861515563057,197.2065445180374,200.3840823809102,203.67395526816972,210.7530475704055,211.05679955624524,211.1265934527158,210.8458283484284,210.3070087803155,197.21110476029966,195.20308336745373,194.95099752259716,196.59762764110883,197.7783409323804,198.098511148927,196.0928876193163,194.2229165792446,194.34492004179413,196.0757493503575,197.04393135093304,197.00891666059366,222.63261904839135,218.9094688037082,216.7360627757693,217.17050396860645,216.53634499597794,218.37957046425137,221.55758835262546,223.61072534977893,224.57580756303713,224.85150975684869,224.7858594767336,224.14223585035327,222.28039807254873,219.72097002780848,219.66314054053043,219.4465086546323,221.41148851561968,221.2902322625769,221.46585366791197,221.47693501132383,8.229814413558572,-2.923618845913592,0.14849546360338198,0.6170167,0.33568716,0.5978796,0.3621565,0.060718335,0.0,0.10698394,0.0009243142,1.0,0.036255237,0.3033178,0.3724029,0.4997405,0.0,0.5444653,0.4976348,0.25352144,0.56517583,0.3959287,0.10394257,0.77833337,0.0015199627,0.005697178,0.000418666,0.022976063,0.0481614,0.14289334,P16_T11.mp4,4,00:00
4,409.91026785714286,270.58468191964283,17.102901785714266,22.112151227678623,0.8907909989356995,409.12757216530434,409.1446267842394,409.43803874556255,410.1736790754248,411.5994919542112,413.65176681684113,416.07829513625256,418.7301620516068,421.2010664633911,423.3333884707632,424.97713694476624,426.3742974469239,427.38676761748474,428.0719494771409,428.527855386732,428.70582316042425,428.59729484555413,412.67837996678327,414.0988514399824,416.036134052696,417.88995962491026,419.43204227833377,422.71029961084184,423.9744378020292,425.4485597779539,426.9681475578361,428.0301055012371,421.18250340842707,421.34668451175025,421.5272729706325,421.7143000592122,419.49360861049564,420.5075717966385,421.5204405264437,422.43731341539547,423.2975513520421,414.4083145050005,415.8140962231936,417.03761774789626,418.34359912419524,417.13778027259576,415.9056327871047,423.1365713753481,424.1935141149243,425.2673718986208,426.49713593656725,425.3241824067836,424.2412890319643,418.36248798552566,419.44091971102637,420.64354692550245,421.4274038298212,422.1206486062539,423.09628209681415,423.9151536960165,423.2323473759834,422.41472206521183,421.57182620044733,420.68659132389223,419.54324030750735,418.8736149110552,420.6511938856073,421.43154599911065,422.1219375974608,423.57257462807064,422.2979916541465,421.5773712350136,420.77163153027885,281.40880601998515,284.08360037218745,286.8456728725651,289.4767190213628,291.64553766811036,293.1970876851715,294.19387012103107,294.65296766774566,294.7179407324961,294.140717817361,292.95442362398177,291.2942314179807,289.24477968333156,287.01964398272366,284.7185953987416,282.2941943102177,279.9200844393597,278.062518420269,277.2033322371839,277.0981790232163,277.4665394968849,278.0646646301681,278.01982038884154,277.4188325879699,276.94634693013074,276.94933058891826,277.6818998774602,280.2400998348472,281.8609501313117,283.3312723509485,284.77850423055406,286.68857568533497,286.8251723768299,286.8389195075914,286.66539598579055,286.36095049697377,280.6311457629655,280.3265958895847,280.2263503317092,280.6405467000624,281.04615348406605,281.1170377201489,280.47976283982194,280.00037831125314,280.000941355265,280.15735371649197,280.7149989903328,280.7710708986261,290.18432774643514,289.176543810164,288.47110976350825,288.608467197053,288.37499055907927,288.8730915562895,289.5812111330917,290.2392292823443,290.8129252644838,290.9876634430293,290.97646582616426,290.61156427736626,290.0726473340492,289.53120776376886,289.5623665561218,289.4252764103242,289.5272458950899,289.5706192630147,289.68165913375793,289.67114792448035,8.229814413558572,-2.923618845913592,0.14849546360338198,0.25143155,0.5715875,0.12379994,0.34238914,0.09650363,0.0,0.15934193,0.12977047,1.0,0.030820876,0.124307096,0.7284021,0.57607144,0.0,0.6176396,0.7026578,0.03833643,0.14286284,0.38070673,0.17335908,0.42848822,4.9403e-05,0.0018863588,0.0006458201,0.50402427,0.00013884765,0.06476705,P16_T11.mp4,4,00:00
5,279.84854910714284,172.77349679129463,51.130208333333314,63.59952915736608,0.9975110292434692,281.9420201928257,282.51655343598446,283.4612757534438,284.75502181889783,286.84156293987706,290.304069759642,295.4963174491795,301.8464271026365,308.72034418040596,315.7576406095137,322.08953837024796,327.1694168393442,330.35731915902187,332.224048398334,333.7683586741123,334.9900134387304,335.69692237271744,285.64592272790236,288.7457918014346,293.10184590677244,297.7609379917688,301.9773471157649,312.61624264335273,316.761798929806,321.5016674801645,326.1617285006298,329.7665687564884,306.93470528696,306.8586370291582,306.79889965555145,306.71756821306633,302.2765866864254,304.55203610640365,307.01428081821973,309.5804268003576,311.99722025049294,289.726347672522,292.7537956432396,296.1749452948545,299.7643189751525,296.42834921394166,293.0326784710665,314.6781373212768,317.8185618029759,321.2493575938487,324.61963358435094,321.27583273201435,317.8810285722699,298.23213858870736,301.2276571788777,304.6226296513562,306.9333360401236,309.2686752249678,313.0591371325188,316.7379303645216,313.22629442238735,309.74308513633514,307.14321292148935,304.6444989342997,301.4627445784074,299.5669995884441,304.5986155183018,306.93747107458967,309.2988941842177,315.3577250044351,309.5879371874902,307.20575702366114,304.8495789027453,203.75073371072483,210.2124324323558,216.7301747454302,223.24995500728437,228.8762948848967,233.4469454516428,236.40631092144,237.8932720448378,238.3947712084004,237.61629297050266,235.808050131774,232.3218885493868,227.13427628352474,221.23746694029117,214.9262079599448,208.3389843306604,201.67399112026257,190.3675081525543,187.78812005234082,186.8166530688917,187.09061616099248,188.35453561782663,188.48389532642057,187.05739259199026,186.57318642460234,187.43508181818956,189.99193420801257,194.060698946807,197.6456123396528,200.9376593007677,204.32993194601227,211.39797274303973,211.7628110645452,211.82979953269424,211.57105282154947,211.03937109067945,197.3747607586354,195.4809081496819,195.27251651446926,196.94171028991445,198.1235772889027,198.40248286169373,196.6560130708552,194.8764493573096,195.06856697073746,196.7995065001159,197.79497396964098,197.68816816740878,222.89771739586806,219.35456603153253,217.30599535355478,217.76074906698162,217.13113661885552,218.92109705547287,221.8914665388822,223.56989476973573,224.43007746752923,224.6933458775291,224.61175059346084,224.08984464814372,222.54994234640026,220.18798700461323,220.18545321561695,219.94946056651767,221.71158116712576,221.29374707936086,221.4657945365023,221.45799756282258,8.308258279986871,-0.5226002134919321,1.2826081493137131,0.6381915,0.4312127,0.50856924,0.34033048,0.059527747,0.0,0.1079351,0.0033646086,1.0,0.031424906,0.2019035,0.34377992,0.5055779,0.0,0.4163335,0.6296623,0.064111464,0.40016493,0.40371627,0.104694456,0.82754976,0.00044040434,0.0019008644,0.00028155223,0.010972865,0.02752627,0.13132842,P16_T11.mp4,5,00:00
5,409.7971726190476,270.55350167410717,17.205505952380975,22.32940848214281,0.8796900510787964,409.2065553311425,409.23211569968146,409.53358239075504,410.2540457141812,411.6771680247188,413.7402769884674,416.1919841289015,418.88514044546656,421.3989940668057,423.5730723867379,425.2330237936708,426.62181233561466,427.61889350020726,428.28445809031837,428.72971542997556,428.9071974041233,428.7977960241839,412.76838246545555,414.21810367425235,416.1677222219735,418.0268956515765,419.58622506783877,422.9128885065498,424.18154778830706,425.6385942051959,427.1389705894967,428.2077466393502,421.3567309780605,421.53261902270305,421.7262143783923,421.92429605470306,419.6176580604166,420.6549548011034,421.7005821392845,422.64508598993666,423.519910525504,414.54283566703225,415.9498394053762,417.189478948546,418.4848948445331,417.275771544907,416.03397828035656,423.2734152368762,424.3350808917824,425.418028220694,426.6392657039847,425.4689365403128,424.3801437384662,418.5057197411452,419.5906075754163,420.79067039199305,421.594759913675,422.30977784366615,423.2999019371918,424.1530055897217,423.4500938577764,422.60205308754263,421.7360862003081,420.834078618469,419.68668095763906,419.02516188199365,420.79729685844325,421.5959066485294,422.3114755862153,423.8017725225125,422.4895165536766,421.7435559480997,420.92223984962067,281.40995643142077,284.14727481687305,286.9689916099156,289.6571505262583,291.8987680154467,293.5241975924639,294.57898922673826,295.0639207175374,295.1247855066308,294.53701362026857,293.29771266733434,291.57461897283656,289.47059848631864,287.2077025173724,284.8711871290433,282.40432248563377,279.9968708458264,278.2123334048748,277.38519020038393,277.29942146061387,277.66754091726085,278.24821438710404,278.19715673641434,277.6121957878569,277.15487856674275,277.14629003376234,277.85297417201167,280.4535595987438,282.159132047112,283.70980026126307,285.2369172885562,286.99905906168476,287.1845585970714,287.2421428939767,287.0426637343823,286.69852509088287,280.7819426164224,280.479254125678,280.38246682913774,280.8158407695126,281.2303902107757,281.2955225145364,280.6480485451727,280.16853609526663,280.17515297897427,280.3471839697539,280.91245078531625,280.9602455121791,290.43177311470197,289.4750049507525,288.8298100769839,288.9815272507524,288.7425639977426,289.2151529161805,289.8956905414736,290.58392630325494,291.15309010077397,291.3208471883913,291.2965996555771,290.90512066692247,290.3290860430191,289.8910061775068,289.93505165636003,289.79608272438605,289.8541477555409,289.9028568357522,290.01120251689105,289.98459443517027,8.308258279986871,-0.5226002134919321,1.2826081493137131,0.22903772,0.37152097,0.15128459,0.3664218,0.08770158,0.0,0.15803477,0.009528195,1.0,0.040302545,0.2037588,0.796727,0.5109413,0.0,0.63593835,0.6767395,0.043705918,0.09512324,0.36696684,0.114877366,0.32036647,2.603952e-05,0.0011772087,0.0008142141,0.60809314,7.00983e-05,0.06945284,P16_T11.mp4,5,00:00
6,279.7749255952381,173.11820591517858,50.846168154761926,62.742919921875,0.9974088072776794,281.0334471409729,281.7255965659784,282.74732439343603,284.0893982544945,286.2638595292952,289.8370723671392,295.17481090311736,301.54829130462855,308.3242958077022,315.2311443726208,321.4882827902762,326.4813192961297,329.55857812009305,331.31488006519754,332.7674125048066,333.91295325355856,334.55116136588873,284.7023887274186,287.7085384530506,291.97564756221215,296.5914168734885,300.79543532400527,311.5903980300205,315.7088086700092,320.3945438320948,324.9697688068114,328.459664816895,305.96915654717264,305.9792090474653,306.00432234730357,306.00766570119555,301.6619967510192,303.9108196016455,306.3413638336784,308.8510468230375,311.1941096200458,289.01420565847326,291.9490578013934,295.3181869324031,298.83622096785945,295.6165779014696,292.27297269698425,313.536221019705,316.5462223338978,319.9218429567259,323.2603545952148,319.9779843757711,316.63461253289967,297.8953046966049,300.80583786671883,304.1313822286025,306.38103082032427,308.6470753092868,312.35362065157057,315.97044294101903,312.55171324773943,309.1387323280647,306.59347515575024,304.14679082670733,301.01964647004166,299.1798279934879,304.12452947505477,306.3989772259807,308.6906914924762,314.58917554812757,308.96113516441216,306.6361758433773,304.33536720552326,203.0395258440316,209.5085812896199,216.0126028316503,222.48834722888424,228.02352315342287,232.4563661295746,235.18886458300986,236.45718495475595,236.84837531101076,236.00080144146924,234.22229872897734,230.84013949323563,225.76586621939205,220.02377034686506,213.87378529951675,207.41168806897477,200.83481282616268,190.24024043066893,187.68418579598656,186.6649161189911,186.85495100789413,187.9552644807758,188.01761017734535,186.7133857749781,186.31434414673132,187.2972699962178,189.91595529790212,193.52903258221923,196.96645139936882,200.0870750940143,203.32111702075636,210.30030992985704,210.63600509922836,210.68480909060455,210.46661149385037,209.9764982519031,196.95772950904794,195.03457849770203,194.78746425557475,196.43504885878647,197.69544166724373,198.00584402784298,196.07322392023926,194.2822879702202,194.49485123031482,196.24303264002666,197.28283813904855,197.1754805773293,221.74265365471948,218.27527704038076,216.267873510957,216.7091154456779,216.1122392653546,217.9007585763524,220.87343100776198,222.54172869807226,223.37919621464098,223.62247569717002,223.53434578612215,222.97824954783428,221.37188692740747,219.09001872593072,219.09692084443523,218.88162680468523,220.68017617735896,220.26669529924985,220.43942777079647,220.42488305943553,8.608581067879642,-0.7000750106505598,1.4857873358284883,0.6456409,0.47770223,0.4759606,0.33468688,0.06392803,0.0,0.10885097,0.001531466,1.0,0.023841022,0.18440497,0.5560382,0.4853958,0.0,0.43131468,0.39979666,0.07290762,0.36711222,0.20524912,0.09873889,0.945392,0.00044260448,0.0029697267,0.00023660676,0.004971991,0.01190498,0.034082126,P16_T11.mp4,6,00:00
6,409.4612351190476,270.33191266741073,17.616666666666674,22.775034877232144,0.852837085723877,409.3893397362057,409.4383635995532,409.7553950081173,410.4941119510434,411.9552566770312,414.0614966052846,416.541489632835,419.24940139319267,421.7645196779638,423.9469445583193,425.6234093509418,427.0426896573147,428.0708655981977,428.7622430611255,429.2255999789063,429.4229448733299,429.33533739120435,413.00229885172297,414.4995682248587,416.49189562038475,418.3857704833529,419.9735933804778,423.35958509769057,424.6572916963931,426.1453401295405,427.6603794212104,428.7428547336384,421.68816205213346,421.8559145791288,422.0449076036964,422.2401543494221,419.86987348470956,420.926652991577,421.99639280204775,422.9725695157658,423.8816966950047,414.6702871561856,416.0894021193188,417.3840600493192,418.7316766859746,417.4812321898921,416.1893492570245,423.6060067978784,424.67698464640085,425.8209790470117,427.089104681268,425.89645701422637,424.75647483430123,418.74238897311585,419.860190723948,421.0768335232267,421.90292907413857,422.6321269705456,423.6779612436383,424.6013633274117,423.8821691042612,423.0030757507559,422.1181978273541,421.1921388487621,420.0015274285159,419.27094162629317,421.09235298180255,421.9126281248745,422.65056559252736,424.24610505050816,422.8729514355422,422.106522802728,421.26260764886007,281.77030401866705,284.5669016574531,287.4563945040431,290.2141861659011,292.4997835988862,294.150749694638,295.22609814328206,295.71458886250787,295.78640158549086,295.1828564063348,293.91555341578385,292.14831925701185,290.0028921664302,287.6987062436991,285.29947972354046,282.7642530944154,280.28960887994714,278.5109293851875,277.6688321924585,277.56560995540707,277.92652655490576,278.50737979977373,278.4821124205389,277.8849634998166,277.4246137113033,277.42123109812684,278.12791462096635,280.8142942932107,282.5785131777281,284.18462482907063,285.76818463990463,287.5977246926213,287.7799247978794,287.8438075613423,287.65312363743584,287.31473199998794,281.1289302610446,280.7416499670365,280.6540172354506,281.2103589558942,281.622523000241,281.6877236226299,281.047865647122,280.45096433401005,280.44242024245654,280.6955135016448,281.2918023117208,281.3551719409913,291.04403166891143,290.0909606548302,289.4382979449741,289.59857988972647,289.3429120000901,289.8214104490414,290.4911287620559,291.21134273760157,291.80953340218434,291.9796349434829,291.95018918582383,291.5344234281454,290.9322156558846,290.5282796775887,290.5798569944177,290.4273193034776,290.45290107921767,290.5262222538267,290.63927956289996,290.60267110351344,8.608581067879642,-0.7000750106505598,1.4857873358284883,0.33342183,0.47778267,0.25439298,0.25410113,0.093453616,0.0,0.14032125,0.014325061,0.0,0.030070797,0.28335804,0.8815436,0.40468717,0.0,0.7152866,0.6354624,0.016430011,0.072179414,0.1871143,0.16643663,0.33363074,2.3213595e-05,0.0011307789,0.0014106586,0.5957622,7.5146374e-05,0.06796727,P16_T11.mp4,6,00:00
7,280.05024181547617,173.0211181640625,50.851618303571456,62.74491838727678,0.9977065324783325,281.056385624304,281.59054493330086,282.4978198355096,283.7140585263004,285.68423070402895,288.9381020565977,293.9536314654665,300.20202262185063,306.94308500734775,313.8876362259992,320.3555221906479,325.74818719895455,329.1693370355465,331.13721254770303,332.58423527440164,333.66459932550777,334.29760837732715,284.6112323634652,287.59179153723045,291.7495079401986,296.3157054446815,300.4847312706912,311.0058785504939,315.2085409343196,319.9473372883081,324.55659586980823,328.17038736674056,305.315807131259,305.17064485229486,305.0492682646481,304.923841377678,300.7638316750375,302.9409315134623,305.31146736456014,307.87528215301097,310.3241581980028,288.5855577204757,291.4640504732577,294.80763202895685,298.28470292340955,295.0543838931114,291.7448226077957,313.23340854237813,316.2017640857443,319.58839325486184,322.8434875509936,319.61640651622105,316.31853387864805,297.11496077127816,299.9383313063984,303.13266886874595,305.3110342854635,307.52288142861016,311.1878121618751,314.69558230565934,311.3867233714175,308.0304007633314,305.56972163000654,303.2323915015612,300.20348791019313,298.4577034369478,303.1376885471872,305.3382868534872,307.56342032477454,313.289614579748,307.8401601114542,305.5825120489225,303.3536716000827,203.18807215822244,209.44065722565117,215.78327786651607,222.12367701356922,227.59120411939801,232.0132648223631,234.85079906348298,236.18295485258318,236.528960367526,235.78646084191928,234.2339732574921,231.07089817169503,226.07168440071015,220.28617850489667,214.0237650103009,207.4043282890294,200.73953045926893,190.039804248134,187.49176879754592,186.33543638987805,186.39630756425254,187.5032330519743,187.57735465155918,186.13718714061292,185.70038087103214,186.62112722586582,189.17660131482353,193.4541863823662,196.84718607767724,199.9569946785219,203.16443681042554,210.1889909774301,210.50809622185272,210.55660556854156,210.25591403949173,209.69991228527937,196.72486030631094,194.7307218006469,194.46805820657423,196.1679430273762,197.35136195201514,197.66426496523005,195.5542205809223,193.59459376700008,193.69319667717681,195.44611012601797,196.47142825318926,196.4546279257464,221.789483562692,218.16439610631704,216.0593265217877,216.44180492603945,215.79206959657094,217.5569678923297,220.54207215267638,222.04111373749978,222.80212571153757,223.08084015938326,223.06177570339898,222.70971156896962,221.37449505506217,219.03007409788444,218.95711036780142,218.70518399381876,220.2980713505554,219.83961337007625,220.0457994108687,220.08519390113003,9.09061024945757,-1.1234457039084011,0.8408793662634927,0.6163265,0.30458868,0.47451854,0.3544381,0.061228327,0.0,0.10750597,0.00042974437,1.0,0.022718012,0.24655953,0.36146644,0.54213184,0.0,0.38097876,0.38475397,0.030267894,0.4533062,0.19388813,0.13356872,0.9387681,0.00067254045,0.0008765293,0.00038829297,0.0050459397,0.005066213,0.049182545,P16_T11.mp4,7,00:00
7,409.7553571428571,270.2246861049107,18.469754464285757,25.10177176339289,0.8427293300628662,409.4004196267787,409.4878744681012,409.78028756706544,410.43142889854704,411.7058650674598,413.61278727061,415.85991257688397,418.32805750698236,420.7986082980409,423.0733390634148,424.92812679818263,426.55339360192716,427.8623561198923,428.7461365756978,429.1764391717817,429.2960786874123,429.2436381001541,412.4429400718322,413.90034780188,415.89495465993696,417.8411552363907,419.4751244342204,422.7629829995467,424.16127298046234,425.68229957414025,427.176971217792,428.22420658540216,421.05486301242075,421.1495749358337,421.261364881227,421.3750920833188,419.2372440340696,420.2316689581843,421.2786296267445,422.3070597796551,423.265014365199,414.2524563259196,415.5320870897749,416.8120158931224,418.21013979781503,416.97384684877886,415.6798581221631,423.11555474159206,424.17168820391777,425.33007614330853,426.6068091014999,425.4522364266915,424.2979887226547,417.7670888317699,419.00208997710394,420.3027926716754,421.16928145068397,421.97908527280003,423.0771273967178,423.979009263121,423.15322801064303,422.18791400414693,421.2313221413409,420.2591424540151,418.99481942937376,418.31569694744456,420.3069831787509,421.1820827854947,421.988130591843,423.59989943834955,422.1137703965252,421.27120018446584,420.381004697906,281.70341044532336,284.3584844880654,287.064399400069,289.6746310671825,291.88080377228323,293.55663315540215,294.709099804161,295.41344073612544,295.61964995169546,295.09034976793583,293.90337517316556,292.3241590617857,290.3531969693373,288.13131076041276,285.68855215199125,283.1335601297756,280.6606995326533,278.88759077748483,277.89105444106474,277.6956428731176,278.01362228447607,278.63768825420743,278.7114817551969,278.18157471994135,277.82691221290486,277.8839930596046,278.65923776627835,280.9383340920438,282.6748288751513,284.2922353361467,285.8970164133568,287.2115411382285,287.54114049894105,287.750252906431,287.52605000538085,287.1632120596262,281.29908396593527,280.90601476133867,280.810685213918,281.299171941448,281.7572604362038,281.8196144274112,281.31970793970396,280.83197079945074,280.84327206199856,281.1100838379053,281.7010404927357,281.73064515047673,290.4103379625611,289.47020470230905,288.883068698317,289.0625297671816,288.9006925275599,289.4254538930304,290.21688878717333,290.8869174737566,291.3782966206948,291.4701951231192,291.4062836062529,290.9822721570381,290.34678732483883,289.8484293856974,289.94730308948783,289.87131738235473,290.1665901343371,290.1259885375055,290.18059799046523,290.11864168448375,-0.6358519697937691,-3.2367500900871344,3.284245786733066,0.39610595,0.40601906,0.22694235,0.28567445,0.10904199,0.0,0.23954108,0.0010891706,1.0,0.045172688,0.26467377,0.80497605,0.37757027,0.0,0.44886616,0.5073091,0.0702007,0.06882997,0.4622497,0.26622894,0.13872615,4.9951195e-05,0.00097042636,0.017801564,0.6870767,0.0005204277,0.15485476,P16_T11.mp4,7,00:00
8,280.39644717261905,173.37519182477678,50.43428199404758,62.53950544084822,0.9975614547729492,281.37396215359445,281.8824032405673,282.7885430456098,284.0299561888607,286.0090874260116,289.2518724275786,294.2158967652434,300.4010260361652,307.1022723606566,314.0550430230015,320.45748356038047,325.6626164502223,328.95347241626064,330.89034781514994,332.4437066941602,333.6464984530306,334.3543379811476,285.02384848499486,287.9533793474053,292.08721837467453,296.56890706887424,300.6541920288793,311.47318513714816,315.57644554690233,320.1844275994421,324.6322118712521,328.0726999810145,305.7184423033557,305.5583339861061,305.41529082769506,305.25978540649913,301.04525255672195,303.209917632181,305.5723931720116,308.1196913154832,310.50123599610765,289.11400473149416,291.93961257877584,295.2183686091239,298.616155799811,295.47355200331543,292.23207764173264,313.5107561561197,316.44250123966384,319.72789546023904,322.906076646203,319.7798200641178,316.551458812138,297.36548989612567,299.98876937328816,303.22444650135725,305.4482402274341,307.74213306338214,311.52381252056483,315.08067919847974,311.816519134918,308.3829733912152,305.820292002332,303.3999604298886,300.30035278195294,298.7416663526998,303.23810310160206,305.4779286833217,307.78472662628127,313.6182062689534,308.2050305291978,305.8573522489839,303.5723856317678,202.46653551935543,208.76355676490024,215.12615921456864,221.46266516707746,226.96415925443662,231.5196083514326,234.5368536829556,236.05999627154534,236.5457784955833,235.83984453959343,234.1257734648425,230.76742624937938,225.70789517348092,219.95498186785753,213.76802306876667,207.2549698845308,200.6561167496575,189.48552769122705,186.92433586928826,185.8481707202216,186.02154199840334,187.24627020260635,187.50510147020097,186.05665194118802,185.62291062355308,186.5152842355876,189.02065308250005,193.26272502805423,196.68035298205143,199.82564515612543,203.08823289902352,209.82340377518767,210.20022842675147,210.33063039541744,210.0319431474162,209.4814922467522,196.38765084087223,194.53803812052078,194.3415785546994,195.94983222512943,197.05401509959196,197.31562644483222,195.5040111010873,193.74921401358534,193.8866746508351,195.5537908180295,196.48210414662708,196.4236129233053,221.37989355524311,217.7177909856283,215.62747229876055,216.07535331943313,215.47268258540583,217.35841618586764,220.60235750291557,222.65862191606436,223.63640854918464,223.8878456601449,223.7862554052611,223.03974081467535,221.03498500022263,218.6547196473643,218.63132047413117,218.4442031322244,220.43397381375212,220.30858627314853,220.45964983255502,220.426132339717,9.405685166312942,-1.1764130511477542,0.5885941703232214,0.66723233,0.5074154,0.21089403,0.32931107,0.06445324,1.0,0.117477186,0.0014133218,1.0,0.032123353,0.26551694,0.5308438,0.441471,0.0,0.45033714,0.28847405,0.79316515,0.6520342,0.08168537,0.1447001,0.94988596,0.00038424178,0.0016283279,0.00039155656,0.003611253,0.012768424,0.031330314,P16_T11.mp4,8,00:00
8,409.8446800595238,270.28721400669644,19.009933035714255,24.851743861607133,0.926584005355835,409.5073898398201,409.62751033859195,409.97371287796994,410.70047726849083,412.037542385129,413.967502158451,416.23695694193077,418.7073212007451,421.1608024298699,423.40067458315286,425.16898619070747,426.6427708745528,427.8274501171645,428.60966694135084,428.9758214250067,429.0128652593646,428.85336346739706,412.2977539910705,413.70247254324715,415.6879189677879,417.6503907493788,419.31002029741745,422.7678364877542,424.1132298013658,425.58730777852537,427.0500681888252,428.1072963773439,421.020380701146,421.1371718764172,421.26577477334433,421.4044722928875,419.2544154401054,420.2737892381977,421.3319577428572,422.3682998923305,423.32118320731377,414.21491639944725,415.5161006341569,416.7833979370911,418.2163517477541,416.95787279713517,415.6731911995742,423.1127565354581,424.2211013048132,425.34996416341943,426.6106259273106,425.45834404194494,424.309571011139,417.7827815738979,419.0076633309852,420.333594411277,421.2168943318372,422.03972250360397,423.17135120704035,424.15139881552926,423.31654028527237,422.33845152061565,421.3606649369494,420.3691113428655,419.0506050272625,418.35203367876625,420.35331971981196,421.24532956303796,422.0655714210336,423.75750944955644,422.2404542254148,421.3894912259024,420.4820968151924,282.4460520114725,285.03941637614406,287.66167013226976,290.2043294155125,292.359626442176,293.993533277787,295.096266368396,295.7660292032916,295.91732411506587,295.3664375042756,294.09904243690323,292.4407229323349,290.4171963703925,288.17869469677794,285.74782282711175,283.2295388845863,280.797743585364,279.53145147860687,278.54481188068814,278.324423285449,278.57462381293067,279.13829623468723,279.0234372402195,278.43437272758956,278.05689178939775,278.0975226898658,278.8303906920098,281.40596726155576,283.15746871836546,284.79641131130546,286.4194111906966,287.7501025103555,288.0703041530411,288.25282858141,287.97371466574856,287.5532635907157,282.07963089753093,281.77682332591587,281.6250360368808,281.9009894948892,282.43708701250006,282.54653341216834,281.7256943023328,281.35508531537073,281.3621741258995,281.49452495587576,282.11461279101286,282.14770605330455,290.921655538304,289.98505266856466,289.4126880994948,289.56734788547436,289.3707187149926,289.80608331067157,290.5167667842789,291.3335922195473,291.9203050530575,292.0521217336948,292.0184925445289,291.5656121166157,290.88006299127227,290.41509354620604,290.48290118292635,290.3636232358573,290.49855238069614,290.5856640501001,290.6777083797893,290.6484288193505,9.405685166312942,-1.1764130511477542,0.5885941703232214,0.39693454,0.39380556,0.21795589,0.2895624,0.09641432,0.0,0.20213175,0.0040670154,1.0,0.05198605,0.416226,0.29881716,0.6183107,0.0,0.5612557,0.7146786,0.17094694,0.037070107,0.4038714,0.47722286,0.22623014,3.655283e-05,0.0010436892,0.017369283,0.6981691,0.00010171668,0.05704954,P16_T11.mp4,8,00:00
9,280.67615327380946,172.94829450334822,50.83645833333338,63.31560058593749,0.9977319240570068,281.95210206578884,282.5653822030308,283.5247047958463,284.78353081634725,286.8385528117691,290.2370917594812,295.41679068746316,301.72000872790557,308.4686387548585,315.41191391275447,321.8081828368648,327.0073981313804,330.2813337172412,332.19011089900226,333.74550575953043,335.000811859881,335.767572516696,285.7028764453442,288.7343768232372,292.9826928784012,297.56317210283316,301.72656399894805,312.74097268910623,316.8902894333041,321.5586251401011,326.08949715278936,329.5883589195589,306.9204943184677,306.8362517264597,306.77128321635604,306.6857363631664,302.3585872298183,304.5800723515565,306.9799831201353,309.49805859315273,311.8693322242966,289.97676485060083,292.89890315485894,296.2669583939669,299.7422551501185,296.5193261395608,293.18202519796534,314.67864740767,317.6569414016873,321.0237195517217,324.306400027657,321.0744770493685,317.7565135912627,298.50569101122505,301.37116414869996,304.6855816467186,306.9295924459457,309.2139062742866,312.9439166346851,316.54500440023963,313.1307248768275,309.66999010619367,307.1203814019025,304.6892702603725,301.57969196246216,299.8732813189861,304.6549043368453,306.9242621841032,309.22983818691347,315.1092256875832,309.5208288196132,307.1824741972483,304.88874296916106,203.64577750282712,210.00717555507086,216.42468853891188,222.82210322024068,228.28736515235974,232.67707353557344,235.4389915053162,236.75110089733207,237.18310118422784,236.47237394268626,234.88562699827074,231.68238417992137,226.74595034137076,221.08952357246832,214.96975801883673,208.48257575021708,201.86536135901233,190.18231728686632,187.62832255148388,186.61336733198723,186.79761007427092,187.93715167305143,188.05741542282922,186.70201633416755,186.32145964064432,187.28342245661537,189.86582563085742,193.77978436903678,197.19087569844967,200.3014842721197,203.52064315269962,210.53633424261935,210.85309309102303,210.91024962009163,210.66311476962,210.17713256160087,197.14800716947704,195.17214884621936,194.96078381151892,196.69120327670942,197.87315374296975,198.14948955211614,196.32437981941155,194.46272813020158,194.6433660394975,196.45285860315897,197.43410229406146,197.34565934703306,222.09505459919166,218.4843252640002,216.40312294257046,216.841880026976,216.2258521103178,218.0634881847864,221.14473276713397,222.95415966486792,223.82773387802646,224.07894454469033,224.00211993815202,223.43026028296327,221.7391180998116,219.40870679033688,219.37968697904842,219.16249126285084,220.95230895601563,220.5801642942446,220.74504011658837,220.73212430794374,8.811994829658683,-0.9077115574036136,1.4004714750305935,0.6233906,0.39021865,0.415138,0.33495507,0.05817726,0.0,0.10644744,0.011479116,1.0,0.025980353,0.2290689,0.4400651,0.43317446,0.0,0.32696095,0.40866676,0.071556136,0.38233224,0.2821889,0.12378102,0.9444854,0.0006066744,0.0014119815,0.00027030363,0.0045261816,0.005141441,0.043557882,P16_T11.mp4,9,00:00
9,409.9260416666666,270.29430803571427,18.828236607142856,24.7828752790179,0.9184848070144653,409.7423816286552,409.8300393779129,410.1159138524807,410.7805971658251,412.0903064408717,414.01607635416076,416.26981533995104,418.70456610447695,421.1401331556191,423.38833362342336,425.16447403431687,426.6484511957394,427.88289104528405,428.7279435664663,429.122340288917,429.1551831953803,429.0003599475218,412.45579367705767,413.8413520208713,415.7776104638205,417.68074947324413,419.2960947153014,422.78899135048266,424.1065382178722,425.5329038020621,426.9650764545581,428.0457814383993,420.9862972511813,421.0737719785213,421.1775139420774,421.28627416276856,419.15647691064464,420.18100790345477,421.2596672960795,422.33705572778376,423.3162043754258,414.3429765432101,415.6410140718401,416.8853973736627,418.2874498476923,417.0553143903325,415.79319258651407,423.0949100486883,424.1913806202931,425.2971254841376,426.5651421004261,425.41089687152635,424.28648820359325,417.65267045447075,418.89505691183473,420.24661926678783,421.1443891907237,421.97946546635455,423.15649758874457,424.1906166256533,423.33665319715294,422.31673985175956,421.30195466528227,420.2693104393719,418.90001046872766,418.2130303883847,420.28001522737554,421.18898449733024,422.03121325178125,423.8001710494952,422.1979962950795,421.3180517309987,420.3765249446898,282.2646180986101,284.833031586604,287.43449714896735,289.9731910682132,292.1286663397147,293.77520241629963,294.89692735364196,295.6023372536362,295.77513830575595,295.1957378882617,293.87823888132533,292.19172691816,290.165109712421,287.95719711044666,285.5601701322928,283.0458744084572,280.62056012992866,279.8225845684752,278.89477955132276,278.7153507127573,278.9636064280584,279.4941572764509,279.3912041240658,278.8268850671172,278.4279876894685,278.3645282739143,278.9571904684328,281.744566415534,283.5101278936893,285.1661155234512,286.7973043480845,287.8668755724537,288.22849142976906,288.43768592492626,288.1191409301567,287.6413801615021,282.33987600215113,282.06329576167843,281.91401634963404,282.1392095306875,282.69095990087663,282.79903855326387,281.93921487817624,281.5995129042349,281.5909130898617,281.6378571038874,282.27391454846685,282.335301783664,290.8057555563625,289.9586946687606,289.45881350774016,289.5807973943541,289.3909438400659,289.70572913035534,290.2923901558415,291.300400429295,291.98912298465166,292.149999693519,292.1178356964456,291.59399062931124,290.78597146315013,290.34037823678796,290.3997730590498,290.2539351681031,290.3189686607805,290.7226999441895,290.8430406219146,290.8188338683167,8.811994829658683,-0.9077115574036136,1.4004714750305935,0.56035656,0.43398365,0.21774308,0.24427338,0.12517366,0.0,0.3152481,0.0008064033,1.0,0.10460945,0.51046354,0.5159469,0.5681441,0.0,0.49044675,0.5832664,0.2863793,0.059331913,0.5937666,0.32242513,0.21071523,9.767228e-05,0.0021942519,0.05179825,0.60145414,0.00043078206,0.13330965,P16_T11.mp4,9,00:00
10,280.85874255952376,173.23414829799108,50.781845238095286,63.203163364955344,0.9980074763298035,281.73795864236706,282.3087993862572,283.1268141711215,284.28063358407127,286.2529424493501,289.6867275750055,295.05916538236886,301.56751407733407,308.43893365575167,315.56825362968584,322.20618428220166,327.5617442707119,330.7580419621555,332.5060116819956,333.9391909805103,335.1423645081859,335.89985241033315,285.72732282276075,288.75143828185463,293.02955963345437,297.613448203907,301.7359441763912,313.14145970821096,317.28400020963437,322.0453036561551,326.6552424291365,330.0385184159019,307.1436520367054,307.0310563934284,306.9265436589794,306.7895320254451,302.40249257325945,304.569584623173,306.9582198011259,309.4852680117947,311.8246733926911,289.9752462823185,292.87944717789344,296.3030518165909,299.85914970662276,296.58254732143155,293.16414594227604,314.7365141741269,317.7762891389144,321.16884148413345,324.46768090988667,321.19921116059123,317.8263190896972,298.3274520456422,301.3605997484935,304.7128505656355,306.8815768278205,309.0915064862655,312.809942909557,316.4833944191194,312.9485141647611,309.43690165745977,306.94049436180006,304.5569336050773,301.435915913219,299.6659736104043,304.68189094532863,306.8852385482627,309.118300334489,315.08023218694586,309.2983304022556,307.0094160776792,304.7675254766088,203.5507209375603,209.93721797368622,216.4198238698141,222.89710896969447,228.39991984704974,232.75525603323382,235.24359398199314,236.22066305332544,236.4250865081368,235.61755509327924,234.0698453164884,230.90895329727132,225.95455964674008,220.35053610397637,214.36208616248982,207.92524725124713,201.3831994266072,190.25255478232873,187.7080885360255,186.77548450453233,187.17418709233726,188.48795813929547,188.34359142037906,186.71028101712693,186.03185915267656,186.95076789765162,189.726098836873,193.9182669518948,197.14788629936254,200.06743477629712,203.0992014228582,210.3108355161407,210.6423884799349,210.67488285837769,210.4563007511898,209.9204373486473,197.70437739372952,195.7756610842832,195.5026120156779,197.00523516428296,198.46624353815855,198.81182405569618,196.53285740498777,194.73574830094162,194.9255791216943,196.68023939246586,197.84312721431328,197.76492235901674,221.9105194252124,218.45113390095912,216.38238390845305,216.77182822037446,216.1752797126266,217.89002270993544,220.76904362666696,222.5126238026189,223.30153921157387,223.52597555082681,223.483490552412,223.03767834889302,221.53064079286597,219.08877956986777,219.05289923017654,218.83833597419002,220.5549595587877,220.2321043112044,220.382248411263,220.41019050268687,6.760257599775559,-1.9348358480072394,1.0710829751141488,0.6235361,0.43809006,0.34425232,0.3383555,0.061173726,0.0,0.11112263,0.00615168,1.0,0.028652484,0.2282043,0.54551315,0.47368622,0.0,0.47954908,0.67651844,0.11246172,0.35183176,0.1765486,0.13061394,0.7965887,0.00075501355,0.0045621665,0.0004761561,0.013681157,0.0507887,0.13314797,P16_T11.mp4,10,00:01
10,409.93377976190476,270.09387555803573,18.91134672619046,24.919335937499966,0.8898769021034241,409.49040095455297,409.70943370570944,410.0834902981755,410.8175994035898,412.20437133522637,414.21800807260144,416.5902781109715,419.1330220176692,421.63910346876764,423.850359566523,425.534946776842,426.9062058529251,427.9921093064121,428.6541099680162,428.91439299463696,428.8701617056823,428.6370633832498,412.49664611738575,413.8283276720618,415.7494567432667,417.7070352768798,419.41775559320513,422.84002859255236,424.1467427110712,425.5517955185606,426.9493160312756,427.94960869853315,421.24998718826964,421.4512220857891,421.6581160074233,421.86966547897487,419.68874353284417,420.7246996374282,421.7918204779637,422.80717595240037,423.7128800367464,414.6069897841795,415.84901457318034,417.1400037341395,418.56452180221373,417.3822251163929,416.0793823050794,423.1742175829264,424.1942428662389,425.3226112802087,426.54056516506176,425.50202640663764,424.36465880754804,418.19021968830776,419.441015519094,420.7981225789658,421.6893181731406,422.50716568530936,423.5982451406953,424.52120434707433,423.7445777012681,422.806894337972,421.84355019666657,420.8465281779918,419.48020091914503,418.7764767628948,420.8238671283557,421.72256115227873,422.5341400698612,424.12598166764184,422.68570745053637,421.84652140712296,420.9325114795093,282.8863916182851,285.4589251626336,288.02548063867323,290.51292741351364,292.5870123314678,294.10096971610164,295.07062701123834,295.62779402832103,295.67457945319893,295.0448004728376,293.700198519482,291.99444032067964,289.94187217095003,287.7105893661228,285.3147760050657,282.85416280756306,280.50255132635886,280.3774102515222,279.2607252715907,278.8795645986947,278.9517238400441,279.33417762222996,279.00097517354016,278.46423589673424,278.1247336619866,278.15031066861536,278.8499977572688,281.4625258975576,283.1098936617148,284.6445568363142,286.1738729015139,287.584522350175,287.85614481346283,288.0036323496659,287.6792285694934,287.22315043798244,282.5637372340711,282.06994950470346,281.8092413828855,282.10345894812673,282.77685964697105,282.9771837535228,281.7262774158089,281.24777885458496,281.20043643914465,281.37271050097024,282.07193239110586,282.15056698193837,290.80801477521726,289.7782524056879,289.12159528874395,289.22424731263027,289.00388758715775,289.3807447281719,290.0734146269231,290.92332162468296,291.52261316961676,291.69113445182865,291.7142945650087,291.36384501494996,290.7414486102999,290.1118104371528,290.1291546776758,289.97966375781755,290.06897474375154,290.208717883174,290.3392853828666,290.36195712672145,6.760257599775559,-1.9348358480072394,1.0710829751141488,0.69877315,0.4420964,0.14534004,0.32569683,0.116262,0.0,0.28003514,0.0153661575,1.0,0.06231298,0.4126038,0.68733674,0.5762519,0.0,0.6732529,0.8228683,0.053375553,0.13766825,0.13686068,0.3911013,0.06384614,2.8665587e-05,0.0008729464,0.01666041,0.85204065,0.00012491715,0.06642625,P16_T11.mp4,10,00:01
11,280.9590587797619,172.18737095424106,52.13413318452382,64.86473563058036,0.9975232481956482,282.2076287250023,282.7520366189852,283.64714800735374,284.9593411966528,287.06128881412513,290.560341519856,295.87637524608135,302.37145583157155,309.29313032709746,316.3740459497125,322.76428107849654,327.8471086492664,330.9187740926109,332.60579379119224,333.85086983557295,334.74713529644,335.24978200418593,286.00009537445067,289.0927811754725,293.5127628572527,298.30934797200126,302.64736614908435,312.8558344806359,317.02757342819723,321.77278549862393,326.3207265634908,329.75494939160666,307.2680497373795,307.1755290790335,307.1086879836172,307.0427794251745,302.54016847225074,304.90160030198695,307.45488189621994,310.1037462105034,312.6546848635839,289.6809057996445,292.6697030382428,296.153468632889,299.8642234698334,296.44258989086114,292.96851386571427,315.0165133694953,318.10901011140436,321.53318380974497,324.8780593889175,321.6226052904873,318.2296831794808,298.64787745136823,301.6844985264038,305.19799627625065,307.6172639562998,310.0311243137483,314.02733289385077,317.7682768755077,314.29387608624063,310.64050242984104,307.9040074769636,305.29002282918526,301.95524277466234,300.04679425946864,305.22992290900606,307.66949994528375,310.1362922148308,316.3775255652857,310.4158630879266,307.88452626924146,305.3780756611355,203.9746468402574,210.28750923715714,216.74414007056413,223.2005574875493,228.71268610927078,233.03027198370836,235.58358605435342,236.65837435207214,236.94118822688205,236.23818061494728,234.78641076603463,231.5680632880763,226.4677309312299,220.63922638262372,214.462667486955,207.97485001903786,201.4254572739384,190.5912983884872,187.84149970540182,186.64919783054705,186.73146290192722,187.8294347183379,187.89348284232082,186.4869503156027,186.0916683062378,187.15403669610413,189.94369553545167,193.59185440797899,196.83642426889648,199.83147089706415,202.9457036375867,210.14334644421828,210.47912006805134,210.5589331703243,210.32154915643733,209.85921031549057,197.1878886392207,195.2721190128611,195.0148826322575,196.65337561205592,197.91861950829855,198.23605091857374,196.37425708898468,194.55636904869746,194.7354555832721,196.53435652124853,197.5518123530405,197.4655434040075,221.95617272679576,218.09097863225315,215.96529539708462,216.40202890690048,215.83333909557632,217.78524568953483,221.12628441260205,222.84241225532466,223.55071352241802,223.72377568256368,223.62947346104417,223.18419401538068,221.53528306655627,218.73141347720804,218.73867891452474,218.55773426523407,220.87640625906377,220.71910443772072,220.8303686252874,220.76797215882988,8.424212183108944,-1.2376733314359818,-1.435875889036697,0.7242636,0.36127016,0.4554801,0.3332708,0.07206471,0.0,0.12789379,0.015362997,1.0,0.030433225,0.21402113,0.36665452,0.53678745,0.0,0.38788825,0.66788846,0.20662321,0.26598513,0.1837374,0.13716131,0.5094632,0.0008316182,0.028977996,0.00057209807,0.038064763,0.24691305,0.17517722,P16_T11.mp4,11,00:01
11,409.7448288690476,270.48201729910716,17.93571428571431,23.416385323660677,0.8063799738883972,409.69719735921507,409.82407800342105,410.1570288389777,410.91921294705116,412.37918825855814,414.40179022031884,416.69687182202586,419.11227276316663,421.4391115824326,423.4928192371687,425.10262259216313,426.6133808114807,427.8845588700204,428.76750532074715,429.2150725620426,429.27772611377765,429.10040925993263,412.92778535694845,414.37410461269,416.31043735014674,418.19848189924613,419.8073691001345,423.1256223266462,424.3712954588113,425.78093002829183,427.2610079717144,428.3324979325435,421.4605633224513,421.5873878584992,421.7424641083693,421.90416447065155,419.6132331977833,420.63215735126636,421.6929448902717,422.70626492741314,423.6274804917946,414.7259496611723,416.0635890892899,417.3010662431772,418.62591552352364,417.4393829024401,416.2033888462875,423.432282721613,424.427582828175,425.4847844696647,426.7102536402553,425.5953610880109,424.5349420204925,418.1958155055773,419.3988514620977,420.69449267762633,421.4991372625179,422.1923627692546,423.2109820963258,424.0526647651317,423.40166944053374,422.5479645520327,421.68121242315493,420.7401328958892,419.4446558176593,418.7385572570669,420.7103302520811,421.51981856215497,422.2302701109039,423.7133812446117,422.3846010434483,421.6444339441518,420.81031666492,281.78510024668265,284.4385505170603,287.15013721371764,289.76759786904825,291.91952829809725,293.46074403554735,294.45191893632654,294.9396210968967,294.95907471653425,294.20928381194824,292.801287265714,291.02761961588703,288.9870613686218,286.8129941775625,284.4734832888882,281.9485156762494,279.5311501121353,279.66550654034927,278.83577825898743,278.7226868227432,279.0286420972737,279.4829314308993,279.0609888692117,278.38351719341006,277.8162168173191,277.6390456771985,278.22418258556075,281.19234184058814,282.918108197119,284.528197954951,286.1115098849082,287.5480210996168,287.78185310519916,287.86008127673693,287.57148100923916,287.1185290596238,281.83419990974636,281.4246044926104,281.2453238532274,281.58358654024164,282.10237094560154,282.25236731356375,280.95702589983586,280.3351599211472,280.2432782061496,280.34698618100606,280.9951677233405,281.14474369883357,290.7290706182431,289.85450689384317,289.23893675296915,289.31098465274954,289.04714064455976,289.33393372690136,289.8249705544279,290.79609223196815,291.552247644055,291.79185292788884,291.8237223617643,291.3873265060032,290.6644892906835,290.1567087838185,290.1553169665203,289.9427139431942,289.86524616281565,290.3462840140842,290.5334993519634,290.55704300510547,8.424212183108944,-1.2376733314359818,-1.435875889036697,0.31027347,0.20507024,0.38099757,0.29218277,0.10693553,0.0,0.53035367,0.011948831,1.0,0.07546733,0.65546215,0.6574441,0.62514293,0.0,0.6699232,0.8586941,0.3253349,0.13308448,0.28950405,0.17514534,0.41827992,0.00018358116,0.0063776844,0.12055828,0.11427511,0.0013954375,0.33892995,P16_T11.mp4,11,00:01
12,279.5608444940476,173.32746930803572,53.30961681547615,64.77516043526785,0.9965770840644836,282.50740078186095,282.80805295909073,283.42356002186483,284.49663590751425,286.3854907107596,289.7978077894635,295.1494536087981,301.68889849519024,308.79421856935437,316.08665486622186,322.7280275239135,328.13456376463324,331.4878206494898,333.30977029530817,334.6369625392385,335.7588212878859,336.48394471907187,286.4529831111417,289.29602200443634,293.7482942344679,298.6074389621247,302.99015475440535,313.1723545615473,317.6761304311085,322.75304152560653,327.51761813035966,330.9125217759531,307.77951833990636,307.726321309449,307.6893076292257,307.62772008995825,302.93282964921036,305.2802980349869,307.8340311652296,310.5302384708867,313.0531129683684,291.03065661489507,293.9040352359331,297.3157036833651,300.81376749967467,297.59054728559374,294.19179818317406,315.2111370084834,318.40037821007746,321.84434617831005,325.0868909712132,321.7923213172227,318.3660007526664,298.6888120717256,301.87328583347113,305.36023025654805,307.6965306017465,310.1274013863888,314.04763613217955,317.8456085162966,314.0989335996264,310.40388973219984,307.6855177693656,305.1231416274248,301.9217663879656,300.0755764649,305.3376393559637,307.7237360505224,310.189725585458,316.4337096613358,310.2265910071048,307.7022200246172,305.271657339829,201.98078248623656,208.39090882933266,214.92810203859517,221.5087303776728,227.27812021805786,231.97869081551545,234.91319598430985,236.38483841249368,236.92763622622738,236.48028450415472,235.21802025054214,232.1760461461539,227.18959131560374,221.18199627369162,214.70753034150295,207.89471517248546,201.06080095480894,190.83669030134084,187.67047319335921,186.3669629404742,186.61479799984878,187.92972879619987,188.08641262954959,186.52567143000837,186.10064420639054,187.44471244609173,190.76565127782558,193.18162207553613,196.34102160554195,199.18683571406424,202.1975457911466,209.5600296322995,209.95589856370484,210.10670070134253,209.91613746673698,209.4401301416876,197.23056843107568,195.35871587504516,195.00695618666967,196.4314083732821,197.92468033784377,198.29169907689086,196.3120416869293,194.693595469591,195.03169915315263,196.88329124809707,197.94479254035338,197.7300909562719,221.2700665011749,217.71831918095404,215.7939460242212,216.3118502963552,215.81052318629892,217.80589830190291,221.17395787900048,222.25548102869638,222.55517184171958,222.58310005105568,222.45303558179694,222.07718619129088,220.86635376445997,218.46604277888545,218.54052881430286,218.47013378897898,220.79458734730406,219.80300618961903,219.81523752217498,219.70695316441075,9.247736297416514,-0.9331447343501158,-2.411625430765182,0.6601094,0.5039998,0.2113312,0.380182,0.07312404,0.0,0.1651979,0.0030143475,1.0,0.038760226,0.23741299,0.7514958,0.5434349,0.0,0.43689466,0.7621349,0.15148528,0.15426084,0.27778924,0.16194469,0.39549235,0.0075280694,0.06251513,0.0007434185,0.04812842,0.26880497,0.2167877,P16_T11.mp4,12,00:01
12,410.27585565476187,270.49082728794644,16.82979910714289,21.804157366071422,0.87123703956604,409.6094940424504,409.71894438267583,410.0564152903158,410.8197577439152,412.31518605250335,414.36676176317036,416.7519753855071,419.29850624400257,421.6615718479195,423.6799617906075,425.2578429851475,426.69764275146713,427.7820480359685,428.48502830839453,428.89365819554047,429.0025120060299,428.8102703564468,412.93628813494524,414.37978638562805,416.25597143703175,418.06721116540155,419.61127029357743,422.8593879622267,424.07278714874826,425.4979005869012,427.0202070438157,428.128072712156,421.3083248731507,421.4638015763388,421.63496116325257,421.8211564186229,419.60729498822576,420.6288985578556,421.6826071239429,422.6682598348175,423.5738325224677,414.5692372117797,415.93295175466255,417.20180403353015,418.4884718874017,417.2903695947767,416.030746761602,423.2492486065686,424.26391683571245,425.3918430582853,426.64070652244413,425.5029254726773,424.38804492655277,418.67555920815494,419.71172902022687,420.8569273129332,421.6399610961508,422.2901582341601,423.32319490050764,424.3005383030598,423.6000143295467,422.7542490114265,421.9307494581185,421.0481973598352,419.8810608088385,419.1458164653588,420.89833505416226,421.6711069663661,422.3516842331518,423.9462433074215,422.5868807023904,421.87666721449904,421.0824483037873,281.09192819282276,283.81098714762635,286.6050185834703,289.27021987055497,291.451173133739,292.969165861896,293.88610458540467,294.1745380195257,294.10154461360935,293.364154322635,292.05164542442253,290.315188691177,288.28824147094303,286.0988728497058,283.78549934246246,281.28579645813045,278.85895597710606,278.48673779717814,277.7927374416666,277.72901636920204,278.0480357933417,278.48073429072406,278.09533553285195,277.4162492005174,276.8256145819243,276.6709316921627,277.29159008124543,280.26793582017734,282.01732126325635,283.618424229741,285.20025733630973,286.9393902657041,287.1142959034044,287.1387200921501,286.9207301917406,286.51443495822804,280.71442858034345,280.2206906650874,280.08384440432036,280.67710453352925,281.1268247924892,281.2309094842005,280.0288295468914,279.2169673919884,279.115802186985,279.38411892289827,280.06465252214775,280.2087990592393,290.2629280076402,289.39796456912796,288.7374447374651,288.84692860812015,288.5626201966179,288.94115223441804,289.44120322776894,290.13274260570296,290.74642276654083,290.94342573712777,290.9615040971266,290.6416425133596,290.11969692925453,289.68572115643747,289.7078839906285,289.5104334277952,289.4442661935244,289.6314268133563,289.78554514425673,289.78738229988807,9.247736297416514,-0.9331447343501158,-2.411625430765182,0.32271034,0.16452806,0.16449153,0.31797907,0.08566525,0.0,0.10312891,0.022870801,0.0,0.025946703,0.34485054,0.51895195,0.487599,0.0,0.7604329,0.7878621,0.03308636,0.17134573,0.5159671,0.039163128,0.8562005,0.00042252516,0.0033208486,0.018454628,0.03476509,0.0009457569,0.08589063,P16_T11.mp4,12,00:01
13,280.04609375,174.02317592075892,51.991034226190436,63.305179268973234,0.9941169023513794,283.1906006712096,283.38095410602307,283.86253893458667,284.8302252111331,286.6238076100393,289.9278630051623,295.24974472743605,301.8022003521778,308.87628363639374,316.1372327102025,322.7915647044893,328.20416821792327,331.56283056061017,333.4223601309753,334.8838793118034,336.1813829485513,337.0683111642954,286.753725507467,289.6412557693889,294.0378100869621,298.86723313452177,303.2605341277314,313.45382195045147,318.09243310934687,323.2883475612037,328.20170049102256,331.7716319519835,308.0150152524776,307.87649200647235,307.75634313801396,307.6087685414134,303.058160146148,305.43424608400795,308.010211108915,310.76139153568,313.35233724765294,291.13930183628656,294.06417174937644,297.4595104001287,300.98159739082155,297.7224297216251,294.3496786959079,315.7539698188591,319.0358066159974,322.48822899709285,325.81446676668645,322.40420855604833,318.9619106471547,298.8774413736,302.02876484929686,305.5048072255803,307.8725934507632,310.2829830565124,314.2871710608453,318.30838411682333,314.39458283614476,310.61727628467963,307.9102659054673,305.3554893723617,302.116489144662,300.2659497977121,305.53191826194336,307.9261906678705,310.3735373139196,316.86466426525504,310.43979917715757,307.94336514151144,305.50972230365494,201.9729304582688,208.272330877208,214.6829148448563,221.096858543441,226.7204504429143,231.29475128039593,234.06992072939923,235.33783881097443,235.82451530724413,235.46257448191062,234.3322604746694,231.42674523797768,226.53968605148424,220.64284207310644,214.28451052460304,207.58749817478238,200.8479458355452,190.29008192683804,187.2612460002311,185.9801844429477,186.11568981743125,187.31562881480127,187.3871838390428,185.95663010287907,185.60701772418568,186.89573715875497,190.11826927133944,192.36196505693175,195.47409695430036,198.27227739066018,201.2280527532192,208.65136467327565,209.0538848903229,209.19722586370855,209.01480424650663,208.5271542432944,196.60255224247234,194.76521183848672,194.36823155513304,195.69780432174173,197.1979241848238,197.57716626609775,195.50142306777866,193.93077602266874,194.25820036696746,196.0472525626367,197.07414617304264,196.86185374049415,220.2868554879095,216.88531808830024,214.97837646586697,215.47341606596345,214.99022608292955,216.91030325717733,220.1222739514208,221.28615810038997,221.64919468702615,221.68569893339932,221.55595988957268,221.18629892778839,219.9178284376226,217.57644009836818,217.64075041978197,217.57950551325214,219.76031501433022,218.89027601205328,218.89120423960307,218.79757551143337,10.838602780933813,-0.7859020527886369,-2.374044251778488,0.6610877,0.21854456,0.23051134,0.31218737,0.079917885,0.0,0.25372934,0.00798489,1.0,0.043038264,0.38045055,0.65107054,0.4905509,0.0,0.497915,0.7510011,0.008428187,0.25252095,0.11201005,0.22798878,0.6524174,0.0031320916,0.03508212,0.0005346835,0.018555552,0.17470258,0.11557558,P16_T11.mp4,13,00:01
13,410.4265625,270.36309291294646,16.46376488095234,21.58445172991071,0.9113278388977051,409.5793606549746,409.7223650375342,410.0851802432218,410.86447068360343,412.34236815486054,414.3555289504851,416.6534981754004,419.0980048613872,421.4008603408319,423.36989895278435,424.9297010112198,426.3813431625231,427.465807601429,428.1554256221948,428.52304796059684,428.6039374727821,428.3935768820513,412.64117226833326,413.9864083150781,415.8085868033377,417.6068018025594,419.1502715745284,422.4881067799469,423.6767665441108,425.0762284373294,426.57384769641766,427.65224947449036,420.99631706180753,421.1577456344313,421.3312717395961,421.52182331551916,419.43846332982264,420.40913901988586,421.3971643871689,422.3516668063159,423.23225632756464,414.36570208610004,415.65704112435355,416.9295954858343,418.21762375857816,417.04467488516246,415.7774892283029,422.96438459821525,423.9322721127081,425.04902597135543,426.24740729784844,425.1867226309855,424.08482360364354,418.52913058998695,419.54650127357155,420.641105655526,421.3829764948704,422.01828221410597,423.02750142094015,423.97550272861065,423.2781747694184,422.44748525414064,421.6621352406066,420.818370941882,419.7029741188528,419.0162245533526,420.6898138167904,421.4290755660384,422.08159819222874,423.6264744027052,422.29427917492075,421.6081456016977,420.84903932931513,280.8991501507987,283.5443800044831,286.2441305781375,288.8108854858561,290.91606456642256,292.3693123116313,293.2546537733038,293.56399305294036,293.47233062318605,292.68136411866374,291.3240892053091,289.60486556663164,287.6270054512413,285.49660465179755,283.2335509189632,280.8029225852961,278.45777514484746,278.4000393774661,277.5861707741077,277.42781058406746,277.70162532662727,278.13400404614595,277.6705447338357,276.9821664168257,276.4003578514453,276.27545808400924,276.91818504353637,279.74811454651086,281.4031244639349,282.9284556562939,284.4341044287494,286.205295275551,286.33655412115655,286.33752828438185,286.10867557461387,285.71342312647664,280.3352455013036,279.729329869738,279.5725181515123,280.2167580745272,280.68541472518604,280.81713363519907,279.49641763191795,278.5923053880352,278.46488144171906,278.7937827217163,279.4864683531456,279.6511003943787,289.51039180370265,288.62872468192893,287.9403726102039,288.0244269949911,287.7385463686164,288.08570356008596,288.5710344578362,289.27374578813243,289.8848332846817,290.0926449950876,290.13725734805286,289.8607740775456,289.36702153099355,288.8545267632766,288.85198405831306,288.6507290376342,288.56752067732793,288.79053303926503,288.9540782169314,288.9785002265365,10.838602780933813,-0.7859020527886369,-2.374044251778488,0.35708395,0.12093563,0.15876733,0.34892622,0.08364811,0.0,0.108486295,0.010680977,1.0,0.025463467,0.29233482,0.60888356,0.471102,0.0,0.53133285,0.73428965,0.013986202,0.12540376,0.3218248,0.05921471,0.51873094,0.000546037,0.004670972,0.15389724,0.09462032,0.0013669033,0.22616757,P16_T11.mp4,13,00:01
14,280.14174107142856,173.83896135602677,51.197098214285745,61.58949148995538,0.9953423738479614,282.9954171266152,283.3666100872537,284.02434963485496,285.11413810609986,287.02764834667613,290.3767350939738,295.71718339794376,302.24871608986376,309.1137264195898,316.06287431965256,322.4562019279748,327.64952016510125,330.7676652617736,332.4469629731164,333.77007632101623,334.94219622087496,335.7886951994226,286.8466200833489,289.7220395559594,294.0694689380227,298.84385039989195,303.1496129734509,313.0202127313297,317.4579161603642,322.4625190187815,327.2389004522172,330.6743890548409,307.7847276928072,307.7330852552011,307.6884471233012,307.61719262971775,303.18576664447653,305.4862912066622,307.9738571625455,310.5943265152861,313.0425780521287,291.10092083347405,293.88476671811753,297.199761439088,300.6648134980603,297.4789909494608,294.18307084717446,315.2734185829852,318.35564348548877,321.7250625428411,324.92939584148934,321.6941863298255,318.35461706836327,298.87971773137616,302.19816835035067,305.6127145194353,307.818934254951,310.0664089105538,313.8427869398834,317.7443173749444,313.8623064861627,310.3037006911637,307.8358855558047,305.49950687780597,302.3168604955047,300.2690195655877,305.6190536363606,307.8665150762922,310.14245188231496,316.2912851692539,310.16062343013766,307.87452377300536,305.6454034820094,203.1301862115843,209.16660699977442,215.30825096161112,221.40449468784533,226.63418685718315,230.76635277982137,233.0556946816076,233.89615409844248,234.11019951351057,233.67540393288084,232.66878388275543,230.07890880871264,225.5216960655251,220.05158881196368,214.12758933296982,207.80555586524451,201.44981582826696,190.03331073573491,186.9998780910941,185.74603468349426,185.98555991252746,187.30034077977123,187.29240256663752,185.7383453655004,185.29095084504698,186.5223606508803,189.68169458928404,192.05900880865056,195.03404360511894,197.72248996499928,200.54335294451644,207.96536416593855,208.32463218598167,208.41370140426693,208.20858978289206,207.7090109823156,196.4219776173671,194.45505183663965,194.06524460319514,195.44257744457414,196.93557383980337,197.3289581149041,195.1041351196417,193.45748672385957,193.74657512490563,195.6014892822423,196.58687835667524,196.41674200898234,219.51823516116752,216.35113921857874,214.5675258096745,214.99307482572732,214.5052579724688,216.2013748279539,218.99267875634618,219.75969428341145,219.9172250834451,219.9721009552577,219.9331147253836,219.92376684066124,219.19090501305513,217.02913839004336,217.01427516523032,216.9128581048731,218.69351560866485,217.54984023833123,217.59634618508613,217.58592783100113,15.657548089431595,-1.3743336294087034,-1.3709138062800779,0.49210617,0.3276675,0.32236618,0.32092562,0.07431118,0.0,0.21897168,0.0003385983,1.0,0.033560432,0.32664055,0.49136174,0.49264115,0.0,0.53936595,0.75375843,0.0069125793,0.2104411,0.23947637,0.2808724,0.8165707,0.00077247305,0.01165759,0.0004028742,0.011159165,0.09607154,0.06336559,P16_T11.mp4,14,00:01
14,410.19735863095235,270.0742047991071,16.845796130952408,22.03269391741071,0.9186305403709412,409.3706760822206,409.5914109696525,410.0490353064185,410.8862083251269,412.420567070205,414.5647869234303,417.03862460899245,419.6784503787011,422.12083229089023,424.1902283611566,425.7655400474258,427.1248413976807,428.06491996852316,428.62249898266344,428.951238250152,429.0292548086853,428.7592777404169,412.5923686534108,413.9932154836604,415.88369635327615,417.75042287806406,419.3641400614394,422.6008407265009,423.8405485202065,425.2638409094426,426.7728197677357,427.9028275118298,421.19099392522196,421.4533121142743,421.7254371357056,422.01547227283453,419.85502694215893,420.864870653515,421.8862342017167,422.83408669255357,423.7043323591361,414.37400833950016,415.7185955014339,417.0502208770401,418.33763277213455,417.15407590957074,415.82687093647513,423.1715075990548,424.1709913367552,425.3531172811445,426.55614597736957,425.50293662027923,424.3546027226041,419.2143695752379,420.2006141680218,421.245367239953,422.0065621281663,422.6714064247599,423.7138444980144,424.72264811466215,424.0533660806463,423.2144445996971,422.40506496026745,421.5511015035739,420.4401873768836,419.73236353031876,421.31646086507146,422.0747702784196,422.7598349616843,424.3741029224848,423.0142326719424,422.2978942318786,421.51654514483926,281.1396900072612,283.8529204610123,286.6172558106685,289.233967051385,291.40373383690905,292.91802348181903,293.878459542726,294.23856554517687,294.11962756347395,293.32347918945544,291.90605387991513,290.08119510689136,287.93052509057316,285.6388371426145,283.2687512680627,280.75108068209806,278.31284338973165,278.47991490586605,277.5376355891748,277.2468779014037,277.43181068030253,277.8212142596066,277.46546089592005,276.8115336540116,276.2864126863269,276.17984237624694,276.7941491013218,279.5632483999225,281.3376247579651,282.9681040131063,284.5641971068287,286.43030981814854,286.5619653215128,286.5620015672375,286.26925115255926,285.82019814173077,280.13384514487853,279.37196710355,279.2107035708211,280.0205717395835,280.45660623164565,280.59935923036784,279.34529340198384,278.33147526812087,278.18644194054565,278.60445757973605,279.30136043186315,279.47678973933967,289.8549319584944,288.922833750687,288.2079262287978,288.303189448677,287.96211875529013,288.2993867993872,288.77175841839687,289.5173755245009,290.1348592661395,290.36518666340436,290.4192999544584,290.172532757197,289.70571776537173,289.1935609478663,289.17154718577376,288.94708214050144,288.7822681026545,289.0031590042927,289.18084815390824,289.21645406275775,15.657548089431595,-1.3743336294087034,-1.3709138062800779,0.2034058,0.21424276,0.18722375,0.33448148,0.081737556,0.0,0.10674302,0.02574076,1.0,0.06730488,0.1434129,0.79468566,0.47377217,0.0,0.7086924,0.7376581,0.009149953,0.13559821,0.09557025,0.07364941,0.7049647,0.00020881856,0.0018943681,0.030236205,0.07759579,0.00070457114,0.18439552,P16_T11.mp4,14,00:01
15,278.7954799107143,173.3820556640625,52.56467633928571,63.26355678013391,0.9958332777023315,281.87465853319725,282.32805974512917,283.04540652685347,284.22128356515765,286.2363533046901,289.72383669252815,295.1550515284144,301.72555682077774,308.6950189799436,315.7898927288231,322.34204251204267,327.7097834407396,330.9864081152561,332.68558119403616,333.9594440261904,335.12501093813347,335.9407394478999,285.7454718308976,288.60114153490093,293.0280070744063,297.9599534190717,302.44888786500485,312.5224401526757,317.10453904524024,322.25301388085745,327.17574287753183,330.72636306287575,307.2582982334317,307.2057588973863,307.1597943314103,307.08172515866113,302.4840422962973,304.9067387301977,307.5224112268253,310.2631536785207,312.83153579524907,290.27444766729366,293.2202206810035,296.65106737952874,300.254462198952,296.9773691908483,293.56611331614613,314.8848414653287,318.1031710518879,321.57321523542663,324.94766506763534,321.543649132445,318.0941528022334,298.2797143975386,301.5467303148341,305.0549583918548,307.409540569835,309.79196936516274,313.75436111024516,317.7517081882834,313.78176880625983,310.04212737514723,307.38802437459805,304.86991911281757,301.6238311456736,299.66028262569256,305.0671848397055,307.46686279092035,309.8955276499559,316.3249559334869,309.886337451738,307.4180339238749,305.0168717850601,203.35732003260622,209.56349120640155,215.8315095634772,222.09482648483228,227.5028124272909,231.74635364843084,234.14534380539206,235.08975319005788,235.32179325141385,234.74700992860298,233.5860494281744,230.8418272805511,226.18546923340557,220.508116816445,214.3388602842359,207.82667949208408,201.26683274817088,191.03222800605815,187.8170229058945,186.35755291194755,186.39253539467654,187.53558609473762,187.50242264681097,186.01936515618237,185.59933214671645,186.84379629949024,190.0557728391278,192.55383930582806,195.58062724267594,198.28159075171575,201.13311332786742,208.7578216875944,209.05393068866837,209.08593122131091,208.82075938676368,208.27895398842944,197.25485194239425,195.20556896370593,194.74534637126519,196.15488566987221,197.69253117317987,198.1316312420947,195.64682517710665,193.88890225166875,194.13074564362003,195.97206814727267,197.03533923887494,196.90078270056543,220.2979911469991,216.79089204804606,214.76928373814195,215.14854344450993,214.59262921405193,216.35226483768062,219.37846452944314,220.33826783549614,220.67223267029289,220.81956091439758,220.8201763092561,220.7326273407086,219.91226979461672,217.46160909435164,217.4039067764419,217.24412583637675,219.04936402900591,218.09373726305884,218.2046259866078,218.23025989744207,12.173055370211957,-0.6820129480216014,-1.378540572793007,0.47400695,0.25165093,0.2559308,0.3054611,0.0750169,1.0,0.3015235,0.004057383,1.0,0.04257331,0.44194168,0.52735484,0.57572794,0.0,0.4383264,0.8075024,0.10656654,0.3103461,0.28981856,0.29049516,0.82881296,0.0007240464,0.005515685,0.00035190114,0.009859175,0.04419835,0.11053788,P16_T11.mp4,15,00:01
15,410.049962797619,269.7272879464286,16.97213541666673,22.289208984374966,0.9147777557373047,409.41621182302407,409.62188860686155,410.0939124953914,410.9570968020322,412.4872532860246,414.6302755459885,417.0944288676207,419.747972529379,422.22880487840604,424.36176902483203,425.9805163015319,427.3671569448522,428.34776641898304,428.95235007420166,429.32244528884047,429.38872935708713,429.101667385022,412.48995314579264,413.872703822869,415.7563378726713,417.59393720104924,419.157733921809,422.6803757548726,423.8893087107861,425.3162838401597,426.8518942481359,427.9810494168322,421.1486074856865,421.40873941275504,421.68489991384655,421.97909295927604,419.81880339423526,420.84177842695834,421.899492133638,422.87340895273127,423.77188593466866,414.2026152079341,415.5667745565872,416.8945794604688,418.2380454641032,417.0077057369849,415.6754656338859,423.2489437431177,424.2687876718641,425.46475460504746,426.73452408221766,425.6162480650165,424.45442833961084,419.10413210006647,420.1466494304196,421.24773147797316,422.05332116760184,422.7547713592868,423.87731517961697,424.9384772457169,424.230468315865,423.3309917401428,422.45971104269483,421.5399970770137,420.3762196144984,419.6054387457586,421.3218879451182,422.13097701011793,422.87317938095293,424.60635065241587,423.12114878651556,422.349465573147,421.5123799109306,280.88070610459846,283.5984182668961,286.38371699843276,289.0568986127288,291.26761903932385,292.8271686821845,293.83736740774424,294.2463638790703,294.148220349587,293.3711708959001,291.96472968669906,290.1436738745968,287.99612554325324,285.69394148822477,283.3010478842847,280.75101478945237,278.28743619439024,277.7899868328486,276.88365738011845,276.6693505308015,276.95681744197566,277.435817363207,277.16055522112305,276.4941649444594,275.9430220918888,275.84343257905164,276.5109228871531,279.3067603981385,281.13388870262725,282.80771088664716,284.4346302809561,286.33500473671893,286.4846823476913,286.49159660326495,286.2188190974069,285.7789404391504,279.73832744204566,279.00903370099616,278.8948751486018,279.72894449273076,280.0910844075512,280.2008914587723,279.20058584203485,278.2044236770465,278.07606754498624,278.5205121308339,279.1568516211393,279.31998787761614,289.67856145170583,288.7669335142169,288.0775167099125,288.19218462469007,287.8552290528018,288.201332422357,288.6858914879705,289.4481383447006,290.1037953436032,290.3390219212202,290.3698562806968,290.054431034269,289.5462324524817,289.1013797390281,289.09569783751454,288.8672340618674,288.70350315071477,288.9291849627981,289.10766745495675,289.1283050012793,12.173055370211957,-0.6820129480216014,-1.378540572793007,0.19856113,0.25227445,0.08440149,0.37521333,0.07588351,0.0,0.109755285,0.022213504,1.0,0.033495445,0.17084044,0.6135468,0.27104887,0.0,0.6621655,0.7392973,0.00998415,0.10241603,0.24948391,0.05116085,0.69393986,0.00021071358,0.0022165196,0.021832945,0.074319094,0.00048852706,0.20699236,P16_T11.mp4,15,00:01
16,278.5143787202381,172.88961704799107,52.59324776785712,63.13684779575894,0.9966787099838257,281.03915135040893,281.57090300442337,282.2999892954194,283.3710860880576,285.3136577333762,288.89026010975255,294.55038889511616,301.24601563923466,308.18002089975334,315.1733108857852,321.60961888862505,326.886876186848,330.100078504727,331.84850825384245,333.1742227366274,334.232568887699,334.90977314104725,284.72803253013944,287.7092463290742,292.2166263472412,297.12847739871955,301.5316575573122,311.9424559176905,316.24256293357485,321.15733351392623,325.9199679640359,329.3387836912187,306.56644945030274,306.57857463982157,306.60298759123265,306.6090434121431,301.99424821412725,304.34091494414383,306.8590571429921,309.43796076641235,311.8318705765596,289.53296063478854,292.4342859178267,295.824296981566,299.3205536072454,296.0658930761905,292.6967048239488,314.00754955486474,317.140508858755,320.57084464495557,323.7651163131277,320.5243128189586,317.1466640294493,297.5771432801598,301.0471557572774,304.5863292315944,306.7769129354141,309.0077581391053,312.69437572433065,316.4617691996576,312.6480696932968,309.1559247938956,306.70390890794255,304.3399891847951,301.1026290638133,298.90642758131156,304.5403415714585,306.7931250137651,309.06016063414296,315.1002346039255,309.06354755858956,306.7879272137144,304.54606095787403,203.087441075358,209.4173319120859,215.8066384354056,222.16229699332317,227.56775615569853,231.72431628173766,233.89675284437254,234.6383493052994,234.84001581864817,234.19478413207574,232.95780255389224,230.2094533583586,225.62723811556936,220.11102652379037,214.12961408542287,207.72624053590167,201.2719502222,190.1001099386721,187.0286413770845,185.77097246438123,186.10350296449744,187.5251170840129,187.60468948696118,185.98477997289618,185.41844556233235,186.53778119088855,189.674497722965,192.65044824130973,195.77889164593793,198.59315942300086,201.54623013773406,208.80550433235544,209.16209780168984,209.21501510924344,208.9927470634609,208.46603515302297,196.60350839889975,194.52173077190167,194.24708958442665,195.9398112002445,197.27032834189475,197.58273147899965,195.54785372378836,193.63893343079627,193.86449582509053,195.8437738285865,196.86212943374238,196.74249197254053,219.84031642662302,216.7605002252494,215.01272528152697,215.42244378978103,214.90787513245894,216.5112361336779,219.16702745793503,219.99017654363664,220.2407683095912,220.34491397837436,220.29752864741687,220.2254503792941,219.51856763599514,217.40668928246538,217.38696835038766,217.24348016723292,218.90525432540744,217.93443081793507,218.0108308016517,218.01310681487985,11.958521056228443,-1.3992219024208812,1.1865507219378983,0.49195033,0.3502564,0.27799106,0.3036601,0.066289015,0.0,0.18178195,0.00029244096,1.0,0.03994953,0.21294059,0.36958778,0.4882548,0.0,0.3975783,0.7641659,0.022142185,0.18413354,0.23310049,0.26838183,0.78844744,0.00036341735,0.0046397555,0.00047097835,0.014696159,0.038502663,0.15287954,P16_T11.mp4,16,00:01
16,409.971875,269.34728655133927,17.03924851190476,22.399700055803578,0.9197075963020325,409.4426695593974,409.6453132730421,410.08514548769705,410.93951274751,412.4952922764071,414.67861608311347,417.2214458409149,419.9491622678804,422.46653143674234,424.6430877559441,426.3096969088654,427.71993940800616,428.6766529001914,429.2259264746842,429.5036065485109,429.4881425832185,429.1672348625256,412.55511260422554,413.9552623506353,415.83661426402034,417.67857648421267,419.24218252268855,422.9813042830332,424.1842652407701,425.61584839653057,427.1205777743614,428.198500428402,421.3125514515415,421.574865291311,421.8499162346938,422.14233129492675,419.9492055259681,421.00476695294856,422.07286361246605,423.04969211545176,423.9488851681503,414.20525244185234,415.56892200200804,416.9202141415393,418.31245006111925,417.0520679972822,415.7042316983161,423.4064928339114,424.458294011561,425.6624645936034,426.9436618084016,425.80010221589254,424.6197380014713,419.0403434895834,420.12944755822986,421.3365564859359,422.16015362707685,422.86769412525797,423.99497746171596,425.02400085294187,424.30565063927924,423.4059432959819,422.53146983720126,421.5982438845089,420.35339628062576,419.5519296567438,421.41465976443124,422.2369223134577,422.9711834926527,424.662347217898,423.1944096447682,422.4288872874977,421.58143411204236,281.02985528114687,283.7865217827964,286.6084214807621,289.29040369499944,291.47216860839563,292.96091492388115,293.8326615209826,294.0607069445029,293.89450937139503,293.0825310321916,291.6716556832487,289.8027620991336,287.6003983252148,285.2523333010212,282.8301415381019,280.27305022963225,277.83445724285275,277.8379803737767,276.9666214973135,276.7512683171672,277.0046309370769,277.43443849043524,276.9143032434157,276.22263205483057,275.64945197825426,275.56161803324386,276.2128557270007,279.20624490414144,280.901782502703,282.4603826191361,283.99501775495975,286.09902064810836,286.2024090799651,286.15853897038835,285.89747961516326,285.48085936996085,279.88600730138614,279.1724202838294,279.01473574217414,279.738127926286,280.1918043311699,280.3441537086702,279.03194925679304,278.0660954908828,277.9343738126302,278.30761741088634,279.0190126853308,279.18807971159225,289.62685869285735,288.58159589506255,287.80359117625113,287.89026276042233,287.56236965963467,287.95295814892427,288.4991972486695,289.2736163526524,289.9386806129729,290.1745461374663,290.2289584032411,289.9604666676813,289.4657078966529,288.8531509440951,288.83358386907275,288.60715661846433,288.5041382835805,288.7445378965299,288.92761413461443,288.967730403466,11.958521056228443,-1.3992219024208812,1.1865507219378983,0.25561386,0.24077465,0.3287999,0.33322248,0.073528156,0.0,0.096844465,0.017007267,0.0,0.039375227,0.2031107,0.5930708,0.337221,0.0,0.7182767,0.7322125,0.029495148,0.16370587,0.26022822,0.10860252,0.8055149,0.0003895161,0.0030436362,0.013141545,0.019205524,0.0019577427,0.15674718,P16_T11.mp4,16,00:01
17,278.31021205357143,171.81424386160714,52.21013764880951,62.87793666294644,0.9965271353721619,280.9374075773512,281.5383295695451,282.3460006404657,283.4958267977055,285.4627955091879,288.8862555103997,294.265223773248,300.70678587691367,307.4168528395705,314.2529611392845,320.64028033680233,325.88980724293936,329.13500907085904,330.942321899121,332.36961507033294,333.55057771708334,334.3278150141956,284.50460385917694,287.4987731513278,291.8577580048567,296.62492511209416,300.94613646684724,311.08568542319836,315.3456177200194,320.20346326148336,324.991473478624,328.53681698862545,305.8106673644167,305.79428790465465,305.7868672268382,305.75605567306826,301.3591309176852,303.6481559220555,306.1219850370281,308.68700753629395,311.0896476154142,288.84837407449197,291.71938035310234,295.01736793588947,298.6004557116936,295.35607690440446,292.0845316702365,313.4379863224403,316.4648313325762,319.802072052322,323.1466614917963,319.856216016099,316.5558088426056,297.12174623797483,300.4077955242385,303.8765598878647,306.13078191327594,308.38352879788494,312.1787602603193,315.98060287208096,312.18706692209315,308.6200010643018,306.11062015651777,303.68480057832716,300.4742128393858,298.43462829808914,303.8449702872692,306.1520635177774,308.4628311081498,314.60261898061407,308.48239471330226,306.1505074241262,303.8463824647445,203.90409694811478,210.0074785254736,216.14694708392275,222.2649991164556,227.41247596178505,231.40137362308667,233.52868406831502,234.2535358774238,234.44419332874006,233.86449897248164,232.78886047953907,230.2129858011393,225.77695857104413,220.39751133717314,214.48943300518175,208.1349896590809,201.73541509971471,190.0242812650466,187.20944277143587,186.11461395592195,186.37639073369286,187.61487712566208,187.42493925522498,185.83559197264375,185.24794175029,186.2395444399969,189.20117518426784,192.329031360317,195.43883954844054,198.26181830074688,201.19727653922828,208.44163455335823,208.75659960155093,208.76762717852418,208.53475281650316,208.03692877477218,196.5064209842267,194.54018647011003,194.2106319195922,195.65450693268843,196.89217030402713,197.25951184546236,195.08077160558562,193.30092877738593,193.4831356507525,195.29015839797253,196.15331814943804,196.07590249029073,219.62114203449636,216.29421380822515,214.39219963888405,214.80328720039222,214.27526774601913,215.9879376991484,218.85330875999878,219.89707431737466,220.28748292336772,220.4137243938569,220.35915317893296,220.20558562455733,219.30696852527078,217.0124904470505,216.97874210381747,216.82240416305706,218.61809126273994,217.75269181578804,217.83867273608772,217.8574672891755,12.102592702813979,-1.390052815829834,2.440032519283769,0.35499042,0.35566765,0.41624624,0.30641875,0.07425592,0.0,0.52445346,0.0004741641,1.0,0.050532874,0.441746,0.51490057,0.5343112,0.0,0.5808934,0.77424794,0.014058127,0.27584743,0.41715184,0.25437227,0.7418895,0.0005263893,0.0033755952,0.0011103028,0.014044622,0.057800397,0.1812532,P16_T11.mp4,17,00:01
17,409.90338541666665,269.3373046875,17.11309523809524,22.40528738839282,0.9247884154319763,409.43850662294705,409.60265352164083,410.0070785091371,410.8103199561448,412.3091610996868,414.41075133470554,416.86804780384176,419.53764061879536,422.0188944246301,424.17556113362144,425.84124306414714,427.2389560258977,428.20732473219476,428.77305890113945,429.0781461569883,429.08670377951546,428.7979112625911,412.41822271037717,413.82660946329673,415.6785494904222,417.4771405935908,418.9987668077492,422.75165768030496,423.8982797407818,425.26633108542467,426.7306636962534,427.80082964939896,421.0522452555936,421.3001486828587,421.56104559391605,421.8328478647669,419.6325068324172,420.66979164342564,421.7196757106716,422.695832814999,423.58530152363636,414.08799915879734,415.40855730096547,416.74221389401856,418.1167331346389,416.88259896724,415.5561442385385,423.08233447108154,424.0887381236445,425.27340474569337,426.53192973984574,425.43519028543693,424.27917567334373,418.6191545185663,419.72165514394607,420.9386115668002,421.74127168841994,422.43696793865416,423.5502489248467,424.5598753075412,423.8180993048451,422.9120073343211,422.0515528121733,421.12963404762723,419.8944261710349,419.1185542925171,420.98932108920235,421.7998032624241,422.51694805571145,424.1977917215797,422.7244143127091,421.97597810791143,421.14454738755944,280.81947110051055,283.5263977456522,286.30049852253006,288.95704577078277,291.12912261052725,292.65618708162305,293.58605289675194,293.87610341623895,293.7407231098999,292.9260502657214,291.50683587673353,289.6299136815227,287.4249028154569,285.090450697188,282.68952796708726,280.1413836810495,277.7100942113856,277.6916977267787,276.8985110856027,276.74015340252316,277.0281847077059,277.46992629796665,276.8747492601305,276.1514098058172,275.53437477313844,275.37502030331507,275.94534497969966,279.21590885575665,280.9368739893384,282.5276943508127,284.09122326816004,286.0299526516907,286.1718152769665,286.154373111501,285.897466552521,285.4623627286474,279.8194183576995,279.1011373557283,278.9534125987663,279.6915267723473,280.1448307683259,280.291049127315,278.94596874920853,277.93406914787084,277.7790007007907,278.14660026741484,278.893001232398,279.08575767344496,289.4321717042057,288.46945199030716,287.75200591742527,287.84384170703987,287.53452531900956,287.9077482372156,288.40964158057704,289.23254512687146,289.91771582190745,290.1503741811761,290.18922001826576,289.8718924776112,289.30257981220524,288.7718052940902,288.7620617837971,288.54864365225524,288.43004205525324,288.71747240379784,288.8981263794281,288.92964695573653,12.102592702813979,-1.390052815829834,2.440032519283769,0.20703202,0.26078418,0.16016933,0.32762918,0.08204595,0.0,0.10755837,0.033915356,0.0,0.0327574,0.20650248,0.59912014,0.41792578,0.0,0.7353764,0.78364694,0.010163449,0.096266195,0.16852577,0.087822214,0.93140835,0.00021565991,0.001125716,0.0035198196,0.008359646,0.00066109846,0.05470974,P16_T11.mp4,17,00:01
18,277.55448288690474,171.6595458984375,52.867801339285734,63.09725516183036,0.9961632490158081,280.0475287424867,280.82360370637764,281.78472910016444,283.0489430728067,285.14366975629923,288.69755461428554,294.14439142643886,300.6314248293449,307.37728941588097,314.2430639460708,320.63575167547594,325.9302566679444,329.1712844127394,330.94935623684347,332.286690927116,333.3514273217272,334.0264377830608,283.8249920865602,286.7653773350178,291.10008603204165,295.863782091983,300.1977867504962,310.67893216860665,314.90519411311254,319.7085194176849,324.4002455921769,327.9041234071005,305.12550798769433,305.0964032161848,305.0762839618214,305.04164165664116,300.7940532122487,303.04547133851156,305.49853105861234,308.05400130361545,310.4692054145641,288.28973128082913,291.1339633723016,294.38339444855126,297.960900701185,294.7689818990448,291.53547066796494,312.82275651208556,315.7843170726726,319.0665130180739,322.4286805173827,319.1551361221417,315.9031506497571,296.8298244726763,300.06891159849954,303.4605855323143,305.68207299573777,307.90439763315953,311.7291229470641,315.55577534073836,311.8199574541463,308.2711159489529,305.7743652235825,303.3757173003036,300.20333105376795,298.10801090191546,303.4248623474975,305.70233666825726,307.99447394492245,314.25828652233093,308.11252676135086,305.79962034862007,303.52213925825924,204.35307642146154,210.49067204355794,216.68950096381553,222.87748047010058,228.04367895706173,231.99556897042743,234.0594984821443,234.69998397804946,234.78648594045038,233.99436138070263,232.7036782678986,229.9802045767466,225.41528656939295,219.976196437391,214.0343054689991,207.64086857040945,201.18136487849864,190.56348705808944,187.66737500059307,186.4075183945026,186.53083344749174,187.68264496406067,187.3725724134405,185.78805927950347,185.20587810103234,186.1767562334193,189.04091126082432,192.642975369586,195.79563499862,198.6484058135684,201.61839452748058,208.96463246708154,209.22644453171358,209.16892097493567,208.90870202308744,208.37190425015206,196.90991810342155,194.9761499679036,194.61884591065714,195.97551909463695,197.24270943521384,197.63560579832327,195.2522910214553,193.4983234902079,193.61600623511143,195.2781734628582,196.1918823142563,196.18336615611727,220.3135888413734,217.00413396901942,215.0719950508243,215.41181548505514,214.84356163250715,216.39417034777995,219.04385538732998,220.12190081763381,220.59116053728337,220.7899927466796,220.79427564761968,220.7415539945301,219.98211758178866,217.56745955199253,217.49188823877694,217.26080564990988,218.84813268135602,218.22525266128568,218.36892164814176,218.42927038509723,12.577850007825825,-2.0721261701201468,2.6634037233231402,0.40517882,0.28312075,0.32665336,0.33427396,0.067466624,0.0,0.23129989,0.0009016173,1.0,0.046599466,0.38251355,0.49529785,0.4746348,0.0,0.46715853,0.72693753,0.0039143865,0.39634457,0.22428018,0.3161996,0.84756935,0.0005797257,0.0015477911,0.0006806758,0.00822932,0.023458883,0.117934264,P16_T11.mp4,18,00:01
18,409.8318452380952,269.45122767857146,17.11004464285719,22.35941685267852,0.9179372191429138,409.30211225281005,409.45552423803076,409.85108091228375,410.62749696839916,412.0972461983302,414.1663187066913,416.6065818095949,419.26703002353133,421.74633370893673,423.90455353188764,425.5623697310583,426.95685650956983,427.94674713930016,428.52675283396684,428.84227443494865,428.8526073191854,428.56539279930394,412.238213063305,413.6564849866564,415.50588175151745,417.31090596730104,418.84132990626415,422.4443767332519,423.59256471859794,424.9456080112543,426.4012732688853,427.48524576115653,420.7895287794214,421.0220194743823,421.27063560994975,421.5270066063226,419.347038309028,420.37778709175,421.4327248350168,422.4274420619653,423.3213860801963,413.960089626349,415.2292280118646,416.5293850409668,417.89200236418867,416.6974387439415,415.4078680833898,422.81785268479393,423.7683101112083,424.9149947826428,426.17191714335695,425.1127893123792,423.99225430665507,418.3660460182379,419.4491069265415,420.64640369942146,421.4416599571698,422.1229954065552,423.20906134341175,424.19812355122065,423.46778166758895,422.59082989436877,421.7444945483003,420.8347881237796,419.61323682028006,418.85340919347044,420.7056086792145,421.5077385999329,422.2106226148972,423.8308383743079,422.3895649484748,421.6566114567393,420.8402544290453,280.54630841313065,283.2489373764469,286.0188460343853,288.6909241406247,290.89358128309283,292.4642804410894,293.4164762741228,293.71483610746117,293.5726561961014,292.7227112973751,291.2373875753934,289.31191592989256,287.08428458525134,284.74449003010756,282.3483180047405,279.80496914852796,277.37820548469597,277.7438386155761,276.9634651655521,276.8058459004667,277.0887743764301,277.530508775907,276.92096776068877,276.19392037350156,275.5566943932591,275.352921791819,275.8736569366178,279.2106907676872,280.9500185662661,282.5582797815398,284.14759604298774,285.90557772823075,286.0850398245969,286.1026237995517,285.8307254895967,285.36133331268763,279.8177872985291,279.12133075017164,278.960312236449,279.6522668394224,280.1112109846462,280.2673621197627,278.8671627483873,277.8835380589819,277.70609903931586,278.0138929670843,278.76983116896525,278.98285714731185,289.30408430412143,288.3430812905446,287.64198525957295,287.72708722039755,287.4248747453433,287.7870438571464,288.28121352600397,289.1278639282858,289.8114015726246,290.047402665496,290.08843673820076,289.7742857117106,289.1783145034493,288.6450874597536,288.63320968058224,288.42249944536746,288.31725147885805,288.59835998542644,288.7849260396597,288.82143897573894,12.577850007825825,-2.0721261701201468,2.6634037233231402,0.2565907,0.2824472,0.36342514,0.32728356,0.07209378,0.0,0.117788464,0.0005104496,0.0,0.03202844,0.24967578,0.5001716,0.44558433,0.0,0.70163673,0.7732699,0.025841227,0.11176282,0.13828635,0.06149723,0.94252235,0.0001460325,0.0008651129,0.0024417948,0.009670236,0.00028512944,0.044069327,P16_T11.mp4,18,00:01
19,276.9884486607143,171.89893275669644,52.87178199404758,63.69709821428572,0.9963016510009766,279.686384927653,280.23079960242444,281.01691881592785,282.1408747056951,284.15681464060344,287.67522057706225,293.13648866565364,299.69087099497875,306.53065076866324,313.49595666897085,319.9843206933513,325.37257706075377,328.7364740579256,330.65487064313146,332.1210916134555,333.2258873651017,333.8611993661576,283.1033327959026,286.03071988617734,290.3545304634768,295.1022309066329,299.4203374076209,309.78474429684024,314.00887249582047,318.86738327767165,323.67227027502975,327.2979169465176,304.3024162300144,304.26415062543003,304.2376075355017,304.19447159738945,299.9036439757262,302.200994879936,304.695332323664,307.31317987662874,309.8168547839352,287.4345582168097,290.24936952943517,293.55011392773264,297.1380667690587,293.9289976291784,290.6584707118198,312.17134440464633,315.1115542766931,318.45109960622557,321.8679916638242,318.6007769377423,315.3098119322583,296.04360168277685,299.3545947389518,302.72168775012716,304.95933720386984,307.2110987793175,311.06837559756957,315.059201608247,311.205792809794,307.6488410765039,305.1370292041078,302.74396872872217,299.57432696615746,297.3467872131616,302.69595562312486,304.9886138766951,307.3180866579286,313.73372826531,307.492717045322,305.1525741788479,302.8666473731612,204.3815190710979,210.58381820129497,216.90353382885456,223.21716267849717,228.5729258571991,232.76800518192883,235.11956075699734,236.02404866590567,236.25013875133226,235.47822505694947,234.04570460777197,231.16126438279238,226.4289038956591,220.85802596686142,214.78268809430833,208.2532884346747,201.65563576607832,190.9028687547041,188.03978920207757,186.8235019939978,186.97262349699227,188.15935156201414,187.79777599627684,186.1290124791967,185.47640601034675,186.3608385327352,189.18614908167027,193.193816240978,196.52465055301255,199.55645595397536,202.70179844257288,209.96331310759697,210.28839534166136,210.29827724383344,210.01375226801528,209.46753684551055,197.1544361606453,195.12784436438233,194.8124116779438,196.3816750555645,197.54731808450873,197.9160875292362,195.73460637006642,193.75780450828373,193.8282375496067,195.60219844850045,196.50624670615952,196.53902919904993,221.2542314719302,218.18523795364158,216.3687903425736,216.73846186965704,216.14001223396508,217.58956746056143,220.0194310736816,221.08730067636284,221.5495130964475,221.74360203809505,221.72361499114763,221.6921605639479,220.945450503874,218.81123299299074,218.75953638443988,218.50921308663274,219.85887863820685,219.25313033618033,219.4066346837527,219.4472921733718,8.53664747090777,-1.3572480474152144,2.200351550610417,0.4819706,0.2824843,0.24295266,0.34115687,0.06872052,0.0,0.12459321,0.00038052662,1.0,0.030286558,0.26529688,0.49338797,0.5783966,0.0,0.42849022,0.7553087,0.016354581,0.3555972,0.06997446,0.11599469,0.7894671,0.0007595815,0.0013923862,0.00059930317,0.0164949,0.018650858,0.17263587,P16_T11.mp4,19,00:01
19,409.61197916666663,269.75792410714286,17.114955357142833,22.390178571428578,0.8892496228218079,409.31668289982844,409.5296676488806,409.9914572347115,410.7824022301074,412.20169573514585,414.240224182329,416.6253412451382,419.22878676325087,421.6911451441262,423.86920249787823,425.5674913587102,426.9655797946027,427.963817913362,428.57438329566804,428.899379286319,428.9276676589038,428.71206010175604,412.01148829877377,413.40120264611073,415.30683627772544,417.146270729463,418.6968920113146,421.9386267660133,423.20019465742365,424.64986004799607,426.1480195627894,427.27434007866043,420.43267769934874,420.6645561954379,420.91302432307174,421.1729429638386,419.1350062599565,420.1369838120256,421.17978444525176,422.1532350056512,423.0544720642056,413.8106585825128,415.0941634150275,416.3533979641114,417.6996027637486,416.4971683649506,415.2351632721296,422.44410206128447,423.4151215896649,424.5491435765369,425.84734350115065,424.6861829974183,423.56439304121903,418.3444091839982,419.3654017944847,420.4912162457194,421.3044092678385,422.029660747626,423.12955540095055,424.10422628177065,423.3692250503812,422.48134585616845,421.5956638793009,420.668979456595,419.5234348904235,418.83290488969004,420.5541236032546,421.36703796952963,422.1129291994231,423.738821990788,422.29185187484535,421.5142787566568,420.68189371364457,281.0879125045453,283.7566155379585,286.4868742879161,289.120506721735,291.28955740613594,292.86375953842486,293.8584247767925,294.2621346375133,294.22416857949327,293.4981435895179,292.14971354680404,290.36409650679144,288.22703359152587,285.96394296563096,283.58860848456624,281.07214763024024,278.6313522471381,277.86144216466164,276.93980317435097,276.7842763795384,277.11178828013794,277.62717267331266,277.3938120163977,276.7921299902243,276.3038793094988,276.2395754698025,276.8685089164972,279.69994055696895,281.37769696620956,282.90654705914005,284.41090586572886,286.2233123020615,286.38400223734124,286.4194379721795,286.192067615177,285.82868437979903,280.23279779259644,279.6573430466439,279.54439774745276,280.17780730382674,280.58087097125394,280.68356846155865,279.78262767502235,279.03559379602115,278.9736993684939,279.2696831219537,279.88337617588894,280.0051415731332,289.60522535956335,288.5973239686021,287.8812873493135,287.9965531790682,287.7211995668922,288.1633639340954,288.77178815051917,289.5464385852856,290.1719681067126,290.37706841677425,290.382255579297,290.0408893585418,289.4798014032628,288.95316908295666,288.9658367135695,288.78830571589725,288.75893795228427,288.91248052531057,289.0657316307298,289.07100367118204,8.53664747090777,-1.3572480474152144,2.200351550610417,0.2077657,0.3698555,0.23555084,0.3215547,0.081679456,0.0,0.16751724,0.015326988,1.0,0.100276515,0.13025945,0.52087826,0.35802886,0.0,0.60616744,0.42646322,0.01870731,0.03328452,0.11440961,0.056062806,0.6049651,0.00010288221,0.0023643463,0.011060954,0.11966691,0.00049557834,0.26134416,P16_T11.mp4,19,00:01
20,276.462890625,171.86549246651785,52.584691220238085,64.04150390625,0.9957517385482788,278.072426065966,278.6502156036415,279.47403975885,280.6315953653921,282.62731929266926,286.13059600727615,291.654002114249,298.31434881356876,305.2642172520781,312.3426632816238,318.8170099217478,324.10116872310505,327.31846221612403,329.0318238903103,330.2429313535253,331.1276569466256,331.62577029039716,281.892669216474,284.91229012281735,289.36706620442317,294.1767475854057,298.5160259944362,308.9019324422149,313.08243561970636,317.796675508461,322.35671390007815,325.7464488605769,303.21341612656005,303.14444595241554,303.0928316917886,303.04741040954,298.7005213247878,300.9678728566131,303.47354412147877,306.13688211139856,308.64674233981975,286.41044121774945,289.29470867265235,292.5995673070695,296.0819312681361,292.8879553464449,289.5940443587173,310.84579475617835,313.8223911820013,317.1157227231572,320.347179447793,317.20809979043304,313.9500297489493,295.0032949104706,298.2730088506509,301.59681515893067,303.79540493415305,306.02773086747953,309.79313043061745,313.6109046348637,309.9977689728174,306.4955114428919,303.95704991491846,301.56192926889383,298.4093574385949,296.3365075694198,301.5629690662991,303.81667726521016,306.13062042394057,312.31206483815663,306.2895307833362,303.94348674259714,301.6732677518482,202.66080305138436,208.9190962808772,215.32857238860868,221.7648633598217,227.29416699613046,231.6218083773723,234.05193858977705,234.99102680669,235.17708183314951,234.37607596329013,232.82248580229768,229.7176095247834,224.77812295054153,219.06307576893428,212.9567074757402,206.4387534730702,199.85154758902914,190.4853342697939,187.60413123984304,186.37564037947865,186.55411679445368,187.71795241087509,187.4599521071226,185.853123860921,185.24677997489758,186.1534168934957,189.00507501920052,192.98702727894832,196.3130918256456,199.3622725232022,202.5224825128547,209.3083377976536,209.71471535889265,209.80891550708162,209.47174631146314,208.84593485287456,196.75807014782745,194.78445451207642,194.4742971459678,196.03230072017593,197.26715633161783,197.62087983482468,195.3086360806641,193.38006840782887,193.45133117493074,195.2011773704069,196.2140728806711,196.23058825311435,220.34114252056295,217.36074877293848,215.63106182142926,216.01937805593312,215.4523036992277,216.91404814316027,219.33170536730736,220.61468710843306,221.1189842693724,221.29088980603098,221.23295431007696,221.02800886732126,220.05003131133105,217.96394578311427,217.95505024760328,217.72842479991792,219.17426996282134,218.72224666967355,218.85647672766189,218.8449152798608,9.46938503917982,-1.4684992197580824,2.007153063153327,0.57805187,0.3611862,0.2600092,0.34048468,0.07271422,0.0,0.12350646,0.0007728633,1.0,0.053139843,0.3671185,0.48401615,0.6076309,0.0,0.5984888,0.6309528,0.02076921,0.4362637,0.21887055,0.14042999,0.71556425,0.0012108138,0.0041114697,0.00062807236,0.023194615,0.03845826,0.21683247,P16_T11.mp4,20,00:02
20,409.40691964285713,270.37656947544644,17.01212797619047,22.289397321428567,0.8692768812179565,408.9716957332626,409.20584857023454,409.68679474846795,410.5349050294475,412.0319990876357,414.10732317994615,416.55548694747904,419.1916819528703,421.6356727397974,423.80200368020684,425.52354032450756,426.9788017467436,427.97336292158013,428.54985281880414,428.80919300146667,428.79202120620226,428.5306100772907,411.69515067264837,412.96850361997394,414.81702163285837,416.66167754621375,418.23902834429674,421.85408184163003,423.14516138737224,424.62534750064566,426.1367508568003,427.21497889780306,420.2723524031522,420.4958711144754,420.72966643820916,420.97331589494166,419.13267513026085,420.1229174495249,421.128965281578,422.07407563982264,422.94997749335795,413.76917544148466,415.0345618619384,416.26395781928807,417.63463328335433,416.4692923790203,415.2365213691616,422.4005374383261,423.39683157588223,424.50331312683545,425.820434941229,424.6663869912869,423.54572926323857,418.4131544295885,419.37620342308657,420.4667997481541,421.25865689544537,421.94408271045023,423.027759938735,424.0381856140521,423.29453735330804,422.4591727979056,421.6048460910895,420.727318090384,419.5838496626195,418.91730309740774,420.5766491780217,421.3527151608813,422.04655230183687,423.6362466729246,422.25078044378864,421.52646739175015,420.7298067332592,281.98920897934585,284.6401732272708,287.3465030035536,289.9110981113384,292.00170320426247,293.4813823422417,294.3226568266244,294.58195715273865,294.4676198755338,293.7212326727914,292.3992898103169,290.6494550167317,288.5135059259513,286.2066136938254,283.81705419776426,281.3043268076596,278.85967838768585,278.3413989792365,277.34783421810715,277.0973366092478,277.3238756498003,277.8221406939613,277.4644592611837,276.785107584138,276.27747704826027,276.2814818342323,277.0008805738669,280.1780620603982,281.823722996592,283.304967699788,284.77971897413687,286.69925019623713,286.81191668693776,286.80274489804566,286.5599690968517,286.1923546151099,281.04417514567393,280.6226060573836,280.44133050446,280.7898552938338,281.32830291284785,281.48005114053774,280.26765160964004,279.6945574903302,279.61280294135076,279.7063279261706,280.40981354033573,280.545746689665,290.2441011665469,289.19270614811353,288.41913359091484,288.50310496111,288.2418787665825,288.68528764907273,289.32069349597606,290.0444469620766,290.6161668276015,290.80822915675384,290.8577628749662,290.5992166347456,290.09803807690474,289.4607382468267,289.45603995691454,289.27782698116135,289.307308072799,289.3730267381402,289.5160782669937,289.56199460488347,9.46938503917982,-1.4684992197580824,2.007153063153327,0.34450486,0.5189497,0.08920832,0.23340262,0.088055395,0.0,0.19616519,0.0037244374,1.0,0.036395073,0.38904628,0.7561767,0.5195636,0.0,0.7353814,0.54037917,0.0055437307,0.08571714,0.26126108,0.22223707,0.15070981,8.682173e-05,0.0023062958,0.004222358,0.5880006,0.0012102631,0.25346386,P16_T11.mp4,20,00:02
21,276.18292410714287,172.01021902901786,52.405282738095195,63.7488071986607,0.9950748085975647,278.6699400440344,279.3495018630778,280.2461427317694,281.4216119812129,283.4761217731112,287.03029791179966,292.4986736768536,299.0165669266782,305.8073951837675,312.71010634371527,319.1128816048096,324.35818007431794,327.61326009906213,329.4740705492862,330.96249274983285,332.1462058826536,332.8533103883895,282.3424373396349,285.1745555347913,289.37536127587947,294.01308599645466,298.27807137276176,308.7168613411303,312.91128354420516,317.7319901020973,322.5102233338508,326.17828179069693,303.230114665608,303.19557516528596,303.17354739946995,303.13123822145167,298.9524898840345,301.21671257868053,303.66285926720127,306.2411155547428,308.70417633916384,286.7489708318825,289.5263068717095,292.768120536561,296.25244481053875,293.12026385139603,289.91784801526177,311.1560750514016,314.06248167018805,317.3654382300322,320.724268986173,317.50154893948627,314.24310387827506,295.08197979893066,298.3503102247226,301.7166097203389,303.96967946214164,306.22839863508625,310.1087097308755,314.1131350443238,310.2400601448397,306.6543766863854,304.16075699356054,301.78130003859894,298.6104279995905,296.3567723401915,301.7129004287862,304.0115691505191,306.3451079486498,312.8063062615761,306.4953673141435,304.1614227053819,301.8827800543308,204.78856507664977,210.9600419571713,217.18991909117472,223.43242195143446,228.7088128107377,232.84247741093577,235.1556116857739,236.05885039696918,236.27895022799856,235.53027977045593,234.0899757675196,231.20601184452002,226.48624726129862,220.96499756281432,214.9630400939066,208.51967921005763,201.96793041041238,190.70827444940548,187.8668636467697,186.65824103668697,186.756946493218,187.9025111469041,187.64202859843542,186.0139140676421,185.41397092646986,186.27163117625003,188.9932571679008,193.2249273152834,196.63672547808972,199.74261537995756,202.95923686800649,210.14243384875473,210.4594084288063,210.46269595088322,210.1277517113241,209.5413963867802,197.31849417741776,195.2879591304295,194.9755373808824,196.52327404874794,197.73099156433378,198.08848565192494,195.79266444411297,193.8556619080299,193.92725784651935,195.66116128120348,196.57933747134993,196.61038654427975,221.5778491297835,218.4696588743959,216.64181483834068,216.97774852629186,216.3520751672559,217.73866169781007,220.14577077154436,221.3409879517991,221.84155764478393,222.06727498926506,222.0718528979546,222.0713376552435,221.27245611155604,219.05276315422296,218.9653041237704,218.67633047724723,220.01426532879987,219.5648414543118,219.74817210638446,219.81854149364133,9.75655859862007,-1.294730308414112,2.2026824285096795,0.7312495,0.31646082,0.21812269,0.34652632,0.06823161,0.0,0.12155637,0.0071940636,1.0,0.03496704,0.245928,0.3721696,0.5086951,0.0,0.40461573,0.72568315,0.113340504,0.32075158,0.31708938,0.14235625,0.75871515,0.0011265458,0.0013233861,0.0005067569,0.022334376,0.020710032,0.19528377,P16_T11.mp4,21,00:02
21,408.77113095238093,270.69559151785717,17.138058035714266,21.989355468749977,0.8249903321266174,408.71416478128805,409.04629558380276,409.6167482437303,410.54237009911503,412.0775609683099,414.1490943699789,416.4867740562552,418.96292945718324,421.27679378669177,423.3152008480991,424.90186950272584,426.26451149064513,427.2601277207647,427.8794135007954,428.2199045284388,428.31392501531104,428.10227944016856,411.67156669994637,412.9665908158436,414.7893290764704,416.6096727471699,418.190363184185,421.24975576013026,422.5677317649003,424.06891237952215,425.6232379489176,426.8439220401824,419.9206191575777,420.1684124242135,420.42454153755847,420.6945946605101,418.7560054314409,419.7454672902071,420.78228619508843,421.7203960925241,422.5852323245856,413.42567499093644,414.71350904584676,415.907367438721,417.2507025047013,416.1076503111183,414.90795603914705,422.064628814379,423.05113695236787,424.1086193202802,425.40744804243957,424.2475574385042,423.17805886892074,418.2962756214284,419.1700894031155,420.1461855967243,420.92248569992773,421.5787842121481,422.61462955304586,423.5822766582545,422.9277648482721,422.1170565717754,421.30486042528116,420.44610621571474,419.3964847085292,418.80371163943715,420.2609466138895,421.0187537198088,421.6976109205855,423.21463593515966,421.87868123911954,421.1704771395231,420.3942446667741,282.1133443504153,284.6969551066286,287.30762905422364,289.78306096656945,291.8298903787555,293.2689752265997,294.1511232821946,294.4810969877732,294.33557197784774,293.58923059315657,292.2326344533032,290.46285241129806,288.3745513753337,286.14248372125905,283.81005090000576,281.3103152760992,278.8850258409104,279.3941754258983,278.4466365848738,278.1902102120896,278.3478064717306,278.71589937518934,278.3073587415763,277.64539814479883,277.1205763815972,277.02749642988204,277.62095209472346,280.4593755296222,282.1761179945385,283.7490450845053,285.2949514487246,286.9893522716593,287.11746637157165,287.11583380385764,286.7896379669197,286.3380584130669,281.5208355119359,281.1982288074866,280.9530684101698,281.08047789511505,281.6613228394068,281.87675571999745,280.41713952442865,280.0074656875036,279.93423763336614,279.89028255638897,280.5279339368013,280.6576365659921,290.3867225388251,289.3967573836539,288.6573489069426,288.7114910177188,288.39580778444184,288.7109940125188,289.22814050554297,289.96683493047954,290.59160349572306,290.841781129078,290.9203079506802,290.6751963102026,290.2513358058594,289.6495065470785,289.6050057080621,289.3811504766927,289.24815282884987,289.4228627390647,289.619072842584,289.6851367869554,9.75655859862007,-1.294730308414112,2.2026824285096795,0.2649186,0.23264833,0.53471696,0.25379577,0.08224861,0.0,0.14596617,0.09433524,1.0,0.035325922,0.16462089,0.5466361,0.4417936,0.0,0.74110174,0.30838987,0.026709827,0.07142244,0.17999844,0.60820943,0.24733986,4.010195e-05,0.00125549,0.0014264286,0.6999036,9.7271004e-05,0.04993723,P16_T11.mp4,21,00:02
22,274.88705357142857,174.26380789620535,52.34988839285717,62.93781738281251,0.9946240782737732,277.73930368456513,277.9655685461157,278.47824274437727,279.46893620987953,281.3720673480568,284.8001291181516,290.1960233104595,296.7650825218992,303.81057528961264,310.98344487682385,317.61622288424104,323.0702943247608,326.47275513454446,328.2793267161131,329.5813833645096,330.6609948128333,331.36850775976836,281.2398050982482,284.0809298527767,288.48380434496994,293.3112847415884,297.6495626134221,307.3476313363126,311.68447542832223,316.694331718221,321.5840566160214,325.126546170563,302.2428529699024,302.2362355245608,302.2380091799789,302.2108281357801,297.6481761010648,300.0025821236433,302.56516757467057,305.25959324455346,307.7863544574664,285.60502430069954,288.49169351024955,291.8354931429953,295.34959970918413,292.12798197625983,288.7953329639977,309.8347373954747,312.9754039645526,316.33839418878887,319.6151370420737,316.29322899891696,312.9508744001539,293.4203510448094,296.78112645060486,300.23829147521195,302.49356861674045,304.80258886793564,308.70643145309697,312.7691197364363,308.8983823846367,305.27988674360085,302.6984618308359,300.23355122354894,296.9828887577378,294.7508717115016,300.1993768451065,302.5203985311864,304.89043432942873,311.44569819308,305.1101650264125,302.7112105418613,300.37096900347814,202.69543420257583,208.96506976813293,215.38544128507706,221.8700380351422,227.49895858757415,232.09069136848422,234.8891774917788,236.22940374497193,236.65891196094609,235.96015925117754,234.4987257083102,231.4511670453542,226.51338238805283,220.6379507424896,214.2776404199311,207.5672492321509,200.7995496172139,190.83364091954033,187.78090084189853,186.5570178309704,186.8695548226217,188.24777961739846,188.15705309126685,186.50281780245874,185.82782712346247,186.830660450002,189.86977849389993,193.15152044449886,196.28933070808748,199.1133255075915,202.09896378913731,209.68598416730046,210.0507404555245,210.08933771835333,209.84157516276971,209.27259190664785,197.38245615023112,195.3788219982212,194.98429620928724,196.42540474146267,197.8715618892507,198.26798062768543,196.0254949629855,194.29749316527318,194.52005991026044,196.26842498280442,197.31575950385,197.20322241807222,221.2152980893901,218.08625031379967,216.2074945580463,216.57807149717277,215.98964105474104,217.52663051775292,220.1423941196779,221.17537733749293,221.60315241302055,221.78309290634857,221.78351606271738,221.6848846154839,220.86549632730527,218.666798343447,218.6263599002476,218.4100234575411,219.8587668110085,219.17964135408968,219.32759752826692,219.36108090136244,10.212226920836812,-0.9605070493790975,2.591969143886529,0.57870156,0.31062925,0.26144046,0.38485,0.083188035,0.0,0.10846885,0.00044792323,1.0,0.05817806,0.32138562,0.7113789,0.5492476,0.0,0.5269251,0.78083843,0.0029272856,0.2707704,0.27553922,0.17565125,0.95253545,0.0004558603,0.001869923,0.00023967047,0.001976025,0.017072579,0.025850393,P16_T11.mp4,22,00:02
22,408.3185639880952,270.82217494419643,17.242857142857133,22.035288783482144,0.7093859910964966,408.839215460812,409.1514338964068,409.70435977504593,410.61221367397616,412.13011437875383,414.1868570516648,416.5239130436363,418.9940112398982,421.3105513116531,423.3441144778708,424.9521531555386,426.3569885546006,427.38816374924653,428.0341859154601,428.3843923741019,428.4888790400589,428.2860729352945,411.73202640699986,413.0001410154777,414.7895384104698,416.5808523268557,418.13934671997174,421.30168582411994,422.63245933435195,424.16043596122734,425.75146708761156,426.9854137131151,419.95191101296376,420.1751368966577,420.40493506177626,420.6464041487051,418.7783442678858,419.7586118630082,420.7698038547328,421.7026706431781,422.57112749757613,413.5524695572679,414.83973598294733,416.0455597059091,417.3565785457872,416.22082842433065,415.0186730430992,422.14623501978195,423.1394990256063,424.2286600250222,425.53701370233705,424.37288614034105,423.2783380766783,418.2889756604041,419.1416417024298,420.12105190640233,420.90372866755985,421.5686859390575,422.6337580297701,423.6369939359717,422.96816737169286,422.14813578030913,421.32487163516,420.45898853029826,419.3964870369486,418.78254138669485,420.23187286469636,420.99826865052637,421.6866434178049,423.2749384577256,421.91176533376597,421.1964899191603,420.4071100613844,282.4041339619601,284.99778947291696,287.6218949783876,290.093280837461,292.12193449369363,293.5433440202042,294.41900989504245,294.75902695334617,294.6531895811107,293.9231824843767,292.5974303862835,290.85421390688396,288.7796393893598,286.5221080026254,284.1479588108152,281.62686633026277,279.17598772292934,279.4494111791009,278.5151069996102,278.26883006028675,278.430485330074,278.8080952076915,278.35316251791846,277.68455502968715,277.16325648230617,277.10635344908025,277.7655737650898,280.6417278392788,282.35680880744326,283.91975722149596,285.4526843366098,287.22514668030533,287.33304557390846,287.31652345732005,287.0137824249089,286.59283489205626,281.61239155026203,281.19359379963066,280.9679896011478,281.25216590864284,281.7849990463369,281.97316094178325,280.6183395011015,280.06302269898003,279.9744623888492,280.0473926474483,280.6947875851538,280.8301080227293,290.59757183355845,289.59681983995284,288.8449019862969,288.90345675835573,288.5954594768916,288.9380912629851,289.50185116141137,290.2366984203168,290.85218705942304,291.0920706031593,291.15758064570406,290.9068110713205,290.46055001041987,289.8566519127036,289.8241293642154,289.60561440358566,289.5100688773221,289.68346047651653,289.8653471828761,289.9185432602482,10.212226920836812,-0.9605070493790975,2.591969143886529,0.22964118,0.23495585,0.26583618,0.26311496,0.07281271,0.0,0.16868733,0.010183097,1.0,0.029326783,0.1359162,0.510277,0.5357138,0.0,0.6804684,0.61379117,0.023562629,0.08037116,0.14750402,0.2263014,0.23015134,4.191582e-05,0.0009088915,0.0016295154,0.73100126,8.4625055e-05,0.0361825,P16_T11.mp4,22,00:02
23,274.4789992559524,174.50706612723215,52.503441220238074,62.38200334821428,0.995201587677002,278.61473466632526,278.9980003430932,279.610469801704,280.63244988335,282.51031773070804,285.8629779900384,291.1518366275924,297.6349072489322,304.52751638023585,311.58054451071393,318.1467784151209,323.4991857856246,326.7447111580421,328.5830219548847,330.11788281111444,331.4818213353725,332.37021856699806,281.1924718375579,283.87795963908746,288.2213063842384,293.0380660916293,297.3880454638843,307.3884966236,311.9295371522023,317.2034997079621,322.40603156926574,326.1425989047225,302.4179706227274,302.4033221768595,302.38933855536993,302.33517990902664,298.1293960363494,300.3894241226248,302.8481164574676,305.49987334561,307.96794684324215,285.879962245048,288.6751271059038,292.0325816860033,295.58510198540057,292.3329082906103,288.99709619807777,310.2634114074594,313.47809606777236,316.9749339790463,320.41432927926206,316.9834249910739,313.50797746953225,293.79379739544754,297.0050642337883,300.46220677538076,302.77544981433476,305.1439424362799,309.21460856238514,313.403055689275,309.4065554075855,305.6530595909764,303.0363911519067,300.5698012388774,297.2702309987854,295.1169674610107,300.5299095452184,302.8908169225776,305.30406694948806,312.0050326453748,305.47350792781117,303.04029978382266,300.679896602133,204.4515232243655,210.7060392715609,217.01071609501196,223.3245755263205,228.74265772921234,233.11767063955512,235.62498216123922,236.60079710576284,236.80331867429763,236.1843047112772,234.87237865533544,232.05827968542067,227.3813338833821,221.82818970777558,215.7291488650481,209.16990230947732,202.54876461999424,191.0395860026015,187.81550233186488,186.6042257787151,187.01766176582348,188.55300227722552,188.3385718746909,186.5293884170581,185.76218331532652,186.83192255093502,190.1381756146026,193.70118586107122,196.90465551416855,199.77751335817254,202.77811341386587,210.4207269893254,210.7133344920891,210.70678887220234,210.45221021626543,209.86048082421135,198.22907937604268,196.1620623001639,195.76889453277988,197.21310279239103,198.72518783627444,199.13414629812286,196.54261848294675,194.66811491465793,194.84758403251445,196.63891093201036,197.7448819807651,197.67901082439946,222.2636853709032,218.90109736498243,216.89853925140372,217.23622095464196,216.64501806780032,218.23836115978722,221.06067896530632,222.13475406057734,222.47779897792861,222.62335089771477,222.66850541254374,222.67604157613522,221.87173793551577,219.42542962793658,219.33865889178256,219.10721076992408,220.76971790680864,219.95206869762654,220.08122756529,220.17373631587782,10.859703010582251,-0.789447576159832,2.99856886262909,0.6898003,0.4927219,0.20425332,0.41160545,0.072532386,0.0,0.1155097,0.00168901,1.0,0.043333754,0.20836899,0.59351575,0.5144514,0.0,0.508378,0.7248278,0.05146508,0.2607703,0.28080133,0.2279617,0.9323301,0.0002525534,0.0019017752,0.00022957055,0.0029841345,0.0082632555,0.0540387,P16_T11.mp4,23,00:02
23,408.6008184523809,270.33798130580357,17.5409598214286,24.031347656249977,0.7870011329650879,408.7057069586799,408.99808693042377,409.54092913437984,410.4921354110038,412.08028523768064,414.1806120191188,416.5256952905143,419.0222011749423,421.4077239697706,423.5348683414073,425.2170851370622,426.69910162614195,427.8402861731336,428.54204692082715,428.8462706693472,428.86451632502957,428.635205474447,411.6958579526748,413.13001117956594,415.0863846364093,416.9828731526993,418.6052514169109,421.9152677483764,423.25139634051357,424.7653715178743,426.34556390102955,427.5382109945244,420.3696570276492,420.55757610861446,420.74934370800383,420.95383084126513,418.90463142942406,419.93269291118486,420.98614189501154,421.973703693382,422.8926075105392,413.62711118954934,414.9428472749493,416.21402717696736,417.59284527494805,416.39231207045265,415.12417884056805,422.54054800152545,423.5486535659549,424.67480843670666,425.9989239447587,424.83371494845255,423.70268883999904,418.0136418325477,418.9926231021225,420.1254333830299,420.9594600944314,421.68745745901947,422.7732862508297,423.72691783316895,423.0449823697563,422.18269079146444,421.2957851962745,420.37018127870743,419.1842256913427,418.55136012698057,420.2118385517062,421.0289190625073,421.7664199815248,423.3375488373684,421.9760997785465,421.20911016721743,420.37282144141386,282.438122675373,285.11492451472276,287.83856689698365,290.417357852427,292.54269054991494,294.0738319414349,295.0616979773047,295.506706339515,295.4149950625871,294.63028232777793,293.2124444813614,291.4146896278958,289.3119409784542,287.0065546847305,284.5654715908651,281.98914031825564,279.4959887811723,279.80554871792276,278.9060576596234,278.757591478788,279.02603208458584,279.4662070239249,278.9010557888711,278.18822732785316,277.6064169411391,277.46945678188996,278.0764913793567,281.18758451420183,282.9589583668748,284.5968991526642,286.2126959175251,287.82644036840713,287.9909280053533,288.0175083934336,287.7004499476945,287.2503658039269,282.08766342122874,281.62551033055826,281.40207710782363,281.71253858450865,282.2988609680354,282.4995631805418,281.06912612016845,280.4514500856476,280.35938730268225,280.4651992142207,281.1804100095557,281.3266760548025,291.27584388369297,290.2405872710149,289.4846619352984,289.5401947326406,289.23134382396074,289.56135041141016,290.1077987751045,290.9504438301322,291.6354371382419,291.89159479957374,291.9698680608517,291.68684983792315,291.1467560845969,290.4838363243227,290.4462157246128,290.2164476583532,290.11828723398105,290.3598053993687,290.56361702225,290.63334585070675,10.859703010582251,-0.789447576159832,2.99856886262909,0.27731106,0.26138064,0.3685679,0.25781834,0.08150265,0.0,0.16865917,0.011181383,1.0,0.036662973,0.29369092,0.5033571,0.47813877,0.0,0.6638816,0.5030786,0.03195318,0.039928906,0.30038968,0.27971753,0.10917556,5.6827084e-05,0.0011666529,0.0032668817,0.80723923,0.00019443585,0.078900345,P16_T11.mp4,23,00:02
24,274.15396205357143,174.5668736049107,52.66497395833329,62.361683872767856,0.9951194524765015,277.62449433200584,277.93203379836257,278.52578394933835,279.5292848979866,281.3447537331172,284.5894706220935,289.8626453130778,296.44951773526316,303.56545590196953,310.8540136856047,317.66934839381804,323.2559124381772,326.7001510646146,328.5634660877527,329.97743931270503,331.2097158943604,332.05897764691866,280.6672139308751,283.46777318574254,287.8850110529351,292.8049823672705,297.26998501916296,307.13460511632616,311.6389512134671,316.8556766134426,321.99040546514925,325.7267816060763,301.83697151915504,301.73782898102905,301.6372234135916,301.5208992019667,297.1909569038416,299.5009419124899,302.0619167362438,304.8360344125801,307.4254044942505,285.01113083519755,287.8592742263284,291.27259297719604,294.83627813391087,291.52248105986274,288.1293748618146,309.78670257972436,313.030858566457,316.5286003532319,319.87538249361563,316.5024397833795,313.02442659003293,292.9790828553316,296.2824759175842,299.7376671918089,302.0768726425891,304.4918567670644,308.6124877436391,313.01818641318323,308.8865693354071,305.08949978033144,302.42139374315656,299.921997733912,296.58264225146587,294.30566907188444,299.76420020967197,302.1535255655069,304.63826674913344,311.5895427510195,304.8907195935503,302.3945551841111,300.0011507419795,203.10880434359723,209.4342695575159,215.9190265481726,222.47552550055235,228.22981158201114,233.00406874529153,235.912597779161,237.19058510588835,237.46658023294475,236.7752631996487,235.35297122571515,232.39554668174824,227.51575068755955,221.6859892433604,215.3199695706015,208.55163467901806,201.70788464083978,191.3383521641599,188.1783627371595,186.87539017052964,187.1767742086858,188.61319913497692,188.41649082964446,186.57627650407932,185.78368260483558,186.75406801883315,189.9270284496069,193.45982272371086,196.69614392085342,199.6333023865383,202.73634518177306,210.34364932549968,210.7242956528761,210.7596804441189,210.46559817115428,209.80975513820536,197.99200875209368,195.90041655181918,195.50871498618542,197.02247528504273,198.54583671375636,198.96143962867467,196.2763013432506,194.35708343486783,194.50898869776518,196.35284275478799,197.51327032379507,197.45347123091764,221.94079720813232,218.8915229703205,217.04269104527458,217.3881443809826,216.77500574628888,218.21900675576748,220.82983162703542,221.82003038311043,222.1634497512391,222.35256413156333,222.40356943697884,222.44286158699242,221.5776492465753,219.3996758705529,219.32671174410015,219.08614155238345,220.57548754960615,219.79786962875613,219.9668227514959,220.05084434643354,12.100856430302107,-1.3274891023159685,2.34095796603327,0.47970855,0.35450092,0.25214043,0.38414142,0.095071204,0.0,0.1345142,0.0013405215,1.0,0.055014297,0.3929295,0.54598457,0.53480744,0.0,0.5434816,0.7924479,0.0060681105,0.27371082,0.1602321,0.1428856,0.9209556,0.00033864408,0.0014605016,0.00035277312,0.0025984065,0.022031492,0.052262563,P16_T11.mp4,24,00:02
24,408.44081101190477,270.59872349330357,17.867336309523807,24.4325892857143,0.8447499871253967,407.8768582469278,408.31687817013426,408.92809775251095,409.9357444994577,411.569320435822,413.7442696776667,416.146556597533,418.6620186721321,421.1221129627313,423.275541065165,424.9097758297516,426.25375045219704,427.2441929573885,427.76197951348763,427.8795777298404,427.78369113638996,427.47855405882,410.9100317327625,412.28417002770516,414.1756492522306,416.0565994580835,417.69993723649003,420.7805463543321,422.08097889723524,423.53117515320224,425.0862596582515,426.33329216404684,419.57621185903037,419.8414872078172,420.0997985500629,420.36241761530084,418.5115454517518,419.5280544868218,420.5710774258418,421.51652563331385,422.36294339595094,412.8654627312826,414.08797267201226,415.34709214173256,416.82562150636954,415.6493702193775,414.37350829930176,421.6554614958061,422.60418811639505,423.7039401847337,425.0378331625781,423.9507578579656,422.8446394468844,417.6299092138771,418.61147588739436,419.758897760106,420.6147330964569,421.37492300194293,422.49317468715566,423.5056905591275,422.79608188458855,421.92478767700493,421.02934225978595,420.0932032776198,418.83554214251893,418.21157414666243,419.90847797989846,420.7422364543591,421.5030257711985,423.07307109431497,421.6984915417433,420.91147491996844,420.06575443176285,282.556071241945,285.1269779929625,287.7014986876505,290.1546691654729,292.1544504877073,293.5250473625107,294.33259775514045,294.7195466184616,294.5368729502708,293.69087110571564,292.2106798163056,290.3838942028582,288.26065161735886,285.9489649371696,283.53186748896326,281.0271205476405,278.6304258036667,279.91856429738124,278.91911052500564,278.6505742386516,278.787837691041,279.1416039806605,278.46316906538925,277.7151438900243,277.0922707373542,276.84219562166504,277.2930875212061,280.6364327904688,282.25345938130147,283.77258619536246,285.2832356202815,286.902714030732,287.0289172077392,287.0328736721831,286.63304008609487,286.1047315015431,282.2347116116221,281.84546471352024,281.51114696312163,281.45679363477973,282.2560108115524,282.56765403626224,280.5227534661283,280.09881847572115,279.9539618970028,279.80782261293916,280.59707086240604,280.7998719949222,290.38801493746894,289.1849072257536,288.33311922670475,288.33631200962833,288.0210426083633,288.2827669254584,288.8997464490043,289.7243512305511,290.3842856551707,290.65658967003225,290.82210060089824,290.6816740740197,290.25238195386316,289.3186511024407,289.21878008366696,288.9800151437202,288.9305750661663,289.13652441895437,289.35567130684854,289.49816344369736,12.100856430302107,-1.3274891023159685,2.34095796603327,0.4248129,0.2163708,0.40792432,0.2693135,0.112460285,0.0,0.24323814,0.0006961819,0.0,0.03628432,0.41597053,0.4937382,0.5600961,0.0,0.5823479,0.7687619,0.0065871724,0.047212023,0.47060117,0.22273803,0.31758317,7.8053876e-05,0.0018502207,0.0038543784,0.5090226,0.0004505881,0.16716088,P16_T11.mp4,24,00:02
25,274.16966145833334,174.58479701450892,52.5401227678571,62.239003208705356,0.9954500794410706,277.65259854175434,278.02252205486656,278.63641100964776,279.6524002235658,281.5034890695033,284.8327917841524,290.1387029256617,296.6948974470607,303.7280516854202,310.9101257627927,317.57860056756635,322.953310204017,326.2175894487149,328.0411491029789,329.53971828037857,330.8789796225216,331.76783329552717,280.6134345557064,283.3717947894378,287.73268763201196,292.52810009632987,296.87002210282446,306.6159279961649,311.12602335945826,316.39682632339105,321.6061604841823,325.4242332239272,301.6346222611644,301.569057912043,301.50945436299446,301.4286563635,297.1935924936372,299.43138546200345,301.90063242423815,304.5914150363814,307.1178015425561,285.19725976291863,288.0145880683196,291.37053854192044,294.9079573158733,291.65166438583617,288.3317191034151,309.543041418069,312.72184394715845,316.19635379935625,319.6179554298465,316.22630470517436,312.78242241421736,292.9190800577952,296.1174633031809,299.58659775128007,301.94318158562476,304.3594735835077,308.47581781427874,312.6947821819283,308.7146994369162,304.9448962678885,302.27987553029476,299.76769656215794,296.45764959113484,294.22444853111455,299.65435232716464,302.0576209339996,304.52952332360064,311.3214966463894,304.7329116983059,302.24942603627045,299.84224440235255,203.35179791066253,209.68935482610192,216.12148101439308,222.5913262908229,228.19960669517832,232.79470689595635,235.53286429105387,236.71869846776576,237.01673847141043,236.4204803969046,235.0013336497518,232.01340582172685,227.15899523689654,221.4692446293043,215.26439453281412,208.6133391534962,201.89065178465404,190.7427292103897,187.70107182562109,186.62104407604323,187.14715813520291,188.7526077076362,188.5851310388219,186.7057784739428,185.8557267603363,186.82186939575075,189.99865308777302,193.65965273582864,196.97755469694025,199.97577035839944,203.10927258760708,210.46780237318674,210.84829194975902,210.90343046335337,210.63924994092932,210.01559622516243,197.7246023162326,195.81594211335502,195.46528992475032,196.87792386345902,198.3458610279374,198.71266613892035,196.43156054597665,194.65690705272885,194.82233149687278,196.53689620790703,197.64557163386212,197.58265603458636,222.15195433742898,218.89114740345318,216.97969822279694,217.35367944260554,216.7342281131484,218.2739530759654,221.04398005113896,222.07663635652287,222.40450707061447,222.558553019623,222.566757466624,222.54181024959004,221.76198713325763,219.43293471642662,219.38042269427586,219.12965953661637,220.75346783907253,219.90420741165948,220.0427481577898,220.10928297324122,12.354138500347778,-0.7794663238161957,3.340676589700483,0.47001076,0.3261011,0.30946302,0.37108555,0.06939584,0.0,0.119019896,0.008899452,1.0,0.063645706,0.25334066,0.4054349,0.5078537,0.0,0.4726981,0.7338058,0.020616982,0.2997934,0.3488601,0.14292933,0.9537359,0.0002946498,0.0014162646,0.00017467632,0.0023560005,0.0052128676,0.036809605,P16_T11.mp4,25,00:02
25,408.5971354166666,270.70818917410713,17.76447172619055,24.673200334821445,0.9079466462135315,408.0234870524811,408.4223821367154,408.97433880242585,409.86766274910354,411.37612900073873,413.46049977655224,415.8360417454678,418.3676453960361,420.85989743849495,423.0623133324303,424.74000817596345,426.12185784679605,427.18351388484837,427.7687557796349,427.9225144432109,427.82906308747727,427.5479307589953,411.26118369200515,412.600754009909,414.4685051996244,416.3260031057954,417.9754652419028,421.19086319567367,422.4770379071124,423.88586200806145,425.3789218629078,426.5768777462737,419.8332737466803,420.0941730466189,420.3535228830546,420.61188798072646,418.5491549862449,419.6078232774744,420.68621634498203,421.6740116814534,422.54963680185443,413.2273566975408,414.4696470024563,415.7162733345093,417.13528365794,415.98636529434174,414.73065748257795,421.83497058545305,422.79220372494973,423.8796182701647,425.1531678541547,424.1020756982533,423.0092168536004,417.3161491089933,418.47850086232313,419.74024769926575,420.60906612179576,421.3877597702584,422.4509335060471,423.38554765497764,422.628722972037,421.74207336586966,420.82243324634953,419.8637265282367,418.56849680855936,417.89714497964763,419.8141136951412,420.67408535168005,421.44987419726596,422.9763569328435,421.5703970451806,420.7689679316744,419.9027984211238,282.5972208125816,285.1756939693487,287.78069154120584,290.2774878530497,292.35412366470223,293.8191555248407,294.7087434644162,295.1498552524285,295.0388709583103,294.27040412192,292.8488595962225,291.03999684344245,288.9160953358913,286.58726227957686,284.12958197974035,281.5707815386895,279.1271222952662,280.32758590942666,279.3321685537421,279.05053414967176,279.16136490925146,279.4734176819645,278.85612059917435,278.17843149983094,277.6159285996176,277.39005282209257,277.84454240974486,281.01849750910685,282.7012731105272,284.2867978175786,285.8566725902974,287.3163678016514,287.5037134690859,287.5451060276977,287.16319503999216,286.64440889364505,282.35426740599297,281.9336321840678,281.63236830101897,281.71207478603213,282.43029082684825,282.6976412245488,280.965150433674,280.48988162276964,280.3610379087772,280.3054707592137,281.0703921831013,281.24959787285104,290.5577678001286,289.49552762492425,288.76943455637996,288.8031521528344,288.5198773998734,288.77203758447433,289.3211970979614,290.1315876871713,290.7904273335822,291.0469853120889,291.16337331605445,290.9429630151451,290.4629028677824,289.691923006303,289.63525111396865,289.4203415849712,289.3494827483315,289.5463775581514,289.74708073043064,289.8502347630881,12.354138500347778,-0.7794663238161957,3.340676589700483,0.35562187,0.254833,0.35286507,0.28995544,0.10156261,0.0,0.4085804,0.003846101,0.0,0.033163056,0.36095834,0.4052109,0.4647082,0.0,0.43883553,0.6521214,0.003875157,0.052421704,0.45068482,0.24855408,0.16251275,6.690461e-05,0.0016798138,0.0051369076,0.72560316,0.00028740626,0.10471307,P16_T11.mp4,25,00:02
26,273.8147507440476,174.33077218191966,52.96348586309523,63.016877092633905,0.9961743354797363,277.2843549214909,277.60282174884185,278.18937823386005,279.1770646368153,280.98674053462446,284.23631644515154,289.4377775259866,295.8587003308212,302.79726835818684,309.9558588741588,316.58616464277924,322.02951772055764,325.4460920273422,327.29552134562846,328.6878815455255,329.9022252096082,330.8022465255064,280.51106182585045,283.22093257131183,287.4646516182429,292.1936127765272,296.5192883919026,306.26898519691605,310.6531996085667,315.72534347403825,320.6552679255448,324.235705788717,301.1577809111541,301.1208704816875,301.08071478305305,301.00303115234635,296.5121623216881,298.87175922146434,301.4633094813572,304.19926069726694,306.7759954019447,284.5382729656108,287.35418175430385,290.6905415711626,294.30793719064343,291.0430025930474,287.7161532177779,308.90629375207635,312.0207064554195,315.37123052000067,318.760796975599,315.4020380405043,312.0319567218682,292.2063594726477,295.55156264798904,299.0716317436608,301.40124821583936,303.76068059849814,307.7894704264891,311.9666186359545,307.96419211263435,304.23526966307577,301.59634298064975,299.06849239647266,295.7470022226485,293.527700111928,299.07935277988946,301.4685605071636,303.90853416032405,310.60900084542715,304.05807345919004,301.59154719399055,299.18151790988145,202.6943892114908,208.87714081062944,215.23884646778643,221.6755584085866,227.32824486964955,232.00972593708005,234.86634707821622,236.2196919310058,236.58474414653017,235.86645339671622,234.4137447122511,231.44316504282037,226.6133977110082,220.9021611853743,214.68858854377717,208.05978371214695,201.33065949736394,191.1401830222568,188.18778812846202,186.96250069557422,187.17970836390924,188.4532804439653,188.31102722511312,186.65248959733296,185.96892548127465,186.96797032631764,190.02812167844164,193.4509746796024,196.51199143683783,199.2707789808575,202.2233631820204,209.76556930388898,210.13941079007645,210.17256662340853,209.8766115972507,209.2458935344689,198.01994406790905,196.30438886377615,195.89840569087158,197.00188510066496,198.6272781634088,199.04719571080304,196.47989933062192,195.00638711859506,195.21899506861638,196.73518257020118,197.8808572401547,197.7868548635836,221.30795955822902,218.1309942916746,216.2571893960827,216.58250509357347,215.98524485444906,217.45111490831735,220.13760732064458,221.24053007662928,221.68702051899487,221.90179874277223,221.9396106358966,221.88945770529764,220.96438922166882,218.6815902645555,218.60759362020903,218.3495676774511,219.89996347118833,219.32408144270752,219.5210602665626,219.5925553492588,11.634499005392113,-0.6946212058126041,2.423497561827975,0.61304456,0.31363082,0.15468541,0.26368025,0.08515709,0.0,0.3611462,0.0070131635,1.0,0.061596822,0.5023929,0.7767993,0.49599615,0.0,0.50358874,0.7548642,0.11614239,0.30015028,0.25299922,0.25404966,0.68344,0.0009263753,0.0027565937,0.00073048,0.008100941,0.13171886,0.1723267,P16_T11.mp4,26,00:02
26,408.5598214285714,270.9292131696429,17.890327380952385,23.82666713169641,0.9218766093254089,408.42279713119115,408.7246909070628,409.25666535134434,410.12738852145276,411.594308665077,413.63050257726957,415.9627256318975,418.4888560913949,420.9044357608089,423.0643745036408,424.70659968198606,426.0809238035814,427.1316019618669,427.7603008915263,428.0318438579467,428.0128622997301,427.7611393658163,411.7645785935176,413.1986610504391,415.10748441237433,416.96820798089027,418.5588721030458,421.54505568164484,422.8149011348955,424.22056749362133,425.66182470005725,426.8144149773362,420.1032872103979,420.3557923794726,420.6179911293638,420.878514634891,418.6686798549372,419.72485070150896,420.81151678984105,421.7910916466442,422.67379545549045,413.40928084987223,414.7102691469771,415.93238888222857,417.3185129956618,416.1397110236307,414.91588025547844,422.06659180270174,423.02554564546114,424.06909165963316,425.3400499659557,424.2445168415848,423.18913845547013,417.53409291586973,418.64687270653184,419.87806142742244,420.71812063838286,421.4515709109528,422.49611389150624,423.37669595138686,422.67765891324564,421.81364524167367,420.9182313896258,419.97484385614547,418.74347960100306,418.07737312933864,419.9261884882983,420.7626518034213,421.50193731170083,423.01280833480297,421.6288213082797,420.85716251216746,420.0078391828317,282.8938308348026,285.48001445900053,288.1356738583657,290.7004661628712,292.8787797630106,294.4645527851409,295.4708821295039,295.9153144044133,295.8185950316836,295.0369120368436,293.5921543706684,291.74530397279904,289.5893871798137,287.3043777262659,284.9165239475526,282.3675084230067,279.91712695790767,280.48236429079316,279.6063776494554,279.4148450696331,279.619137114922,280.00346680286594,279.4091913329314,278.72678914752424,278.1811059894436,277.99410236373876,278.4738459949282,281.6819014593425,283.4683356944955,285.13951039065586,286.7842220201987,288.22382443286295,288.4361884974096,288.4848404568247,288.12076026382874,287.6063767374778,282.64288417129353,282.3167432357061,282.09088092804086,282.2387105918186,282.83664927412394,283.0368801725974,281.54874850407265,281.0862438702023,280.97743052836836,280.9260901681553,281.6287844539113,281.79607541271986,291.4766257935363,290.46935913035315,289.7879061932784,289.8359156632477,289.5451150556128,289.83922013814276,290.3859479806539,291.2214961317652,291.91163545797895,292.1823604007017,292.2600931025667,291.95230998212634,291.40146986631873,290.7532644799036,290.71251326603453,290.4947553577317,290.42684234867005,290.7247989594429,290.9242774465362,290.9964509956896,11.634499005392113,-0.6946212058126041,2.423497561827975,0.27986914,0.18859234,0.5878387,0.27709067,0.06984497,0.0,0.18925707,0.025965534,1.0,0.036919057,0.4794527,0.4121613,0.5187141,0.0,0.7539579,0.80797255,0.015760008,0.06260431,0.440401,0.33367717,0.11049124,0.00012221099,0.001641864,0.011599459,0.79058564,0.00024352864,0.08531603,P16_T11.mp4,26,00:02
27,273.8657552083333,174.42872837611608,52.977920386904714,62.922373744419644,0.9960176348686218,277.2840998179348,277.63650708011534,278.26956919421184,279.29171362482276,281.06762965931915,284.2249112327551,289.3381289457102,295.6904607827246,302.56029613368764,309.6939024899187,316.35938771454,321.8420765586788,325.301539157166,327.20433044712047,328.65219624410867,329.90129485804897,330.8285315029446,280.5361136552897,283.27706877901574,287.52422819424504,292.23858387623386,296.53511217212537,306.20191885294616,310.57245658938183,315.63361408746295,320.55258092820867,324.16615616451116,301.0753772354193,301.00531253473576,300.93058075449096,300.8155329677763,296.45567730784836,298.778197470028,301.3364096506074,304.0603819153901,306.6289903869883,284.5596065454534,287.36252761415386,290.69926447247275,294.3133730250028,291.0651666604626,287.74133290445997,308.90143508076113,312.0036973218579,315.3606146862062,318.758784173272,315.435729013956,312.06355475499583,292.1452782894808,295.4524172223086,298.9464238604989,301.2623439530772,303.60869682481933,307.6148603130058,311.76576627541397,307.7382971414775,304.0121224224925,301.38910669456317,298.8910579851257,295.62412704535467,293.46538672147005,298.95222733117794,301.3291862536009,303.7539073571649,310.39915806905026,303.83812181497524,301.38984478621995,298.9999647592452,203.00564782026305,209.09084673452406,215.34696562374725,221.67902244299574,227.2646030643074,231.87535813109932,234.6680134249887,235.955699830788,236.30546076434558,235.6482396501675,234.31423799290786,231.48547471510378,226.78556357684852,221.18523012351986,215.02968522364503,208.41822920840883,201.70498855348478,191.2716714368615,188.35674270897152,187.1620355994063,187.39362985894357,188.66740278695747,188.3835637896321,186.67656031274535,185.9603278704993,186.92687689723405,189.97887914700993,193.50586588069154,196.52173089292,199.24352263692413,202.1492252191049,209.66304329029293,210.0300413643707,210.0624048832951,209.77505319976189,209.16029035808185,198.12511350209485,196.34789005524308,195.93580763255935,197.10341462681328,198.70047395075812,199.12378301757437,196.53674925791108,194.96287006249082,195.13729597282247,196.73262483187696,197.86343075614826,197.79392637504554,221.1563410360527,217.92208190348953,216.0339984399633,216.36207118026587,215.78132356262014,217.28576588532098,220.03551285082406,221.05217110015718,221.44935442266024,221.65119098686606,221.68705144004224,221.66883767824453,220.8042938185828,218.45701383171087,218.37857359094684,218.14071455344506,219.79213612813228,219.12472124808525,219.30260133735928,219.3773196159274,11.494962008064551,-0.8316485668752982,2.7424445028364994,0.55951977,0.38732883,0.15645267,0.30565423,0.096630946,0.0,0.48052922,0.0031825306,1.0,0.05934417,0.57214755,0.71671736,0.53146267,0.0,0.5643235,0.8290305,0.06697856,0.30159193,0.38182488,0.23197296,0.6875881,0.0007167702,0.0019440366,0.0004945231,0.00784651,0.10921066,0.19219941,P16_T11.mp4,27,00:02
27,408.62079613095233,270.96962193080356,17.851227678571433,23.838385881696468,0.9245480895042419,408.4320202774914,408.7145068416033,409.23423124075106,410.0984601414092,411.56148447846505,413.5978401195654,415.9369110881267,418.47041791546354,420.89361029189513,423.0734453936701,424.7572904511371,426.1687258149738,427.22190200485085,427.83448706730934,428.09668689622845,428.09327167261176,427.85948486733133,411.7723144336332,413.19076780066814,415.09700649107083,416.9537278491402,418.53441883092813,421.5788425998032,422.86470412993003,424.29304681148164,425.75611462742023,426.9109393300939,420.10456234726786,420.3435649134287,420.5904311896844,420.83900934038405,418.6504000295569,419.7001524705462,420.78042197209015,421.7573379066106,422.64592350690145,413.4044818550613,414.72762098575294,415.9518055893266,417.32106643685853,416.13564794618986,414.9066840756179,422.09794124404965,423.0842503223066,424.1390770046754,425.4127593324588,424.28437661073735,423.2151575656385,417.63752791149756,418.6970571334244,419.8796247734256,420.7044242950845,421.4262146706736,422.46087056153704,423.3610607608968,422.6476268560742,421.7870996281428,420.90039981782706,419.9728929446965,418.7974302656593,418.1743966308978,419.92403802593043,420.743930401524,421.4717055174499,422.9882898704112,421.6069367783014,420.8458687735392,420.01227799228593,282.88205309109065,285.50591670960586,288.19870544019324,290.79755250308995,293.00667191121363,294.61667618527207,295.638453801559,296.0865335271426,296.0096816179692,295.24783099331677,293.8396880891924,292.0050753167574,289.8404578239584,287.52220300992735,285.0955306178185,282.5088593471568,280.0127972156989,280.36781508157304,279.48067792484807,279.2901483453065,279.5048487735699,279.9031801319724,279.3704717448861,278.7051212217919,278.1685415090832,278.0101641371001,278.5289993504685,281.6601771309403,283.4448642105546,285.10753419957655,286.745765646363,288.2999652006261,288.4966909472285,288.5324868556701,288.1978017614529,287.7220131996264,282.5779481444347,282.2594184390183,282.04679561933045,282.218171472213,282.7973187162258,282.98315428148044,281.59032446936874,281.13540236117217,281.05136791106753,281.01810315562597,281.713347541955,281.85956958235374,291.64933450789107,290.6362833591379,289.93143099223977,289.99552227557837,289.7087628455736,290.0611753885889,290.645635581573,291.4292682739753,292.09208934912374,292.3476837979674,292.412646364016,292.0997620931452,291.56597440673323,290.9196241554175,290.8939272831625,290.68765834805157,290.6668856724041,290.8808273515365,291.0668675232983,291.1266245587919,11.494962008064551,-0.8316485668752982,2.7424445028364994,0.22912337,0.17459863,0.4951909,0.3088725,0.064149946,0.0,0.16236883,0.022727314,0.0,0.028688949,0.1865459,0.24844505,0.31410977,0.0,0.81413513,0.6531575,0.011580789,0.11047659,0.5446048,0.30605757,0.1034193,0.00010021558,0.0013842621,0.0076685464,0.83385813,0.00016172501,0.053407803,P16_T11.mp4,27,00:02
28,274.094884672619,174.4093505859375,52.79808407738102,62.74782714843752,0.9954723119735718,277.3894636583509,277.62074310509195,278.148863788491,279.0598979981855,280.73850175533227,283.8304809065801,288.9256660354449,295.3164751960646,302.2633006661257,309.4747519752529,316.2618423915812,321.871329422961,325.42203801826287,327.33962163569464,328.7222043517686,329.919043623326,330.8051959488954,280.64136972850946,283.371691995541,287.6018254803325,292.29498910641155,296.5673419064924,306.21410313628553,310.6131520308665,315.66575879849495,320.5490933544241,324.08150855872776,301.11539486906605,301.0354308486014,300.9512839428545,300.8238944408693,296.52344180736367,298.80307613753484,301.30347660031225,303.99289231379805,306.5283536132972,284.8967284351127,287.6121547834194,290.9130033042244,294.42823367189123,291.2627634253915,287.9843148836031,308.70389827940437,311.74070441080727,315.0906973456038,318.406284702532,315.1413946333161,311.8026936935517,292.0836389537644,295.34571724440815,298.8006054526122,301.0910560419358,303.4510246587044,307.43995332035814,311.56775646622583,307.53621802681533,303.8151645700476,301.1977016643348,298.739711260006,295.49979508043907,293.44028284420693,298.81223854129405,301.1534627155936,303.57678498970523,310.1466570961906,303.66149290474425,301.2134413410351,298.86159165074235,202.40988471047527,208.5136927374212,214.7896767601625,221.15103742101914,226.7982781337229,231.49873712463693,234.40160565359676,235.7996946665055,236.18166569719017,235.59278995148935,234.28431880694447,231.4862198853107,226.76623328295577,221.06059374697722,214.8130506513103,208.140141334193,201.39654035819154,191.0570291462018,188.04293042690767,186.7869428236612,187.02365284035025,188.34722635503957,188.12290342352102,186.393475590562,185.73440636222844,186.7915352457267,189.92200187845253,193.22280327447703,196.2251903637884,198.92861111324322,201.82165973555337,209.36751746354025,209.72989356166897,209.79377681178372,209.52005364603636,208.9222600966277,197.8165291255426,195.93978025246713,195.51228668378096,196.73053182588933,198.31433511083145,198.74785616335237,196.20090763758733,194.56911337375828,194.7616046380407,196.4240681578526,197.51842449595873,197.44491881446518,220.901626153956,217.66970547882067,215.79164384400164,216.155904933352,215.58236044958682,217.14825407388662,219.9862699286749,220.92311505388219,221.24099638303258,221.40177715808602,221.43003856218695,221.40575808002308,220.5394834356928,218.26230632622128,218.1944780587642,217.99358736335984,219.71121829292372,218.87487012827344,219.01930982466536,219.0839874639378,11.776359902819422,-0.7968169272135041,3.0885853079637857,0.520649,0.35802764,0.2705746,0.32287458,0.1417772,0.0,0.31495073,0.0010524432,1.0,0.05983064,0.50633866,0.72610563,0.6265137,0.0,0.5410794,0.79303193,0.020424427,0.17510076,0.29686713,0.3165504,0.57268894,0.00090224936,0.0022608375,0.0005351764,0.010352779,0.15386781,0.2593922,P16_T11.mp4,28,00:02
28,408.6252232142857,271.07410714285714,17.84985119047616,23.849916294642867,0.9244562983512878,408.47862788535105,408.7642751825767,409.2978412788403,410.18939460140024,411.6724934338539,413.7021908512519,416.01670437635886,418.5239071637352,420.941396924381,423.1361824826956,424.84840900465315,426.29887010816486,427.36819520807757,427.97867128310924,428.2259503775423,428.2312966021603,428.016105090709,411.7725278811496,413.17063044215956,415.0760281371887,416.93859547657127,418.5263073354128,421.60023125578516,422.91586309913146,424.38215817102366,425.87177601987094,427.0339128756204,420.1283391950699,420.3647552523722,420.60316548216286,420.8441498832837,418.66072889051003,419.7107741465706,420.78689887996364,421.7638642819605,422.65650638175794,413.4065364416569,414.734999906438,415.9592205205626,417.3340310104384,416.14415059244425,414.9118458179926,422.14109382277223,423.1500410432561,424.216403031439,425.51028491821876,424.3508842922993,423.2664911636531,417.68943894776777,418.70551503636875,419.8551307406516,420.6702628187616,421.3912167319988,422.4406495775176,423.3760785330486,422.6275866159797,421.75463718273943,420.87015259606363,419.9516289008914,418.81264423420254,418.2084628524831,419.89409472166625,420.70567174805194,421.4338432351114,423.00235969110855,421.5835852890262,420.82332280722716,419.9988459242488,282.82816160420657,285.46741136318667,288.1733123714211,290.77207735830586,292.9894862832076,294.6380476970066,295.7141553716102,296.21735724909763,296.1660341751163,295.3954391845389,293.982729182111,292.1327085823792,289.95205452525653,287.5982742256219,285.1314760340304,282.51616402136557,279.9831077856171,280.36162355915445,279.45561930956984,279.2404875038817,279.44915914599983,279.8527956929018,279.3572156825469,278.7055690720834,278.1928901841092,278.0857004275728,278.64692948330094,281.6447157615982,283.438754531946,285.1092723136641,286.7634870102915,288.3709862119718,288.566193351566,288.5976002888481,288.28156062584367,287.8218671908842,282.5555706779669,282.26853010411173,282.05980387386734,282.2058074940711,282.78454483836555,282.9684027653294,281.6199600463281,281.2135753284435,281.1491511041538,281.10502769226576,281.78877382686363,281.9180589804532,291.74487870979453,290.7620536136168,290.0768156878803,290.16107075492187,289.8764653232627,290.2498412835345,290.8403551631354,291.56833047411607,292.2069552576422,292.4468700726636,292.49998431953867,292.1736360300612,291.6572988846865,291.0610720164941,291.0551440871553,290.8556381326162,290.8496146740565,290.9889406311246,291.16446875119317,291.20895977999413,11.776359902819422,-0.7968169272135041,3.0885853079637857,0.2616281,0.28399035,0.3603005,0.27600756,0.06744707,0.0,0.13738455,0.012467153,0.0,0.03137758,0.1996385,0.37570637,0.29445875,0.0,0.6946885,0.51488173,0.008214311,0.050092373,0.40955648,0.29917672,0.12871267,0.00012223622,0.0014368286,0.00450922,0.8242775,0.00013671047,0.0408049,P16_T11.mp4,28,00:02
29,274.11822916666665,174.2923618861607,52.4168898809524,62.297502790178584,0.9955933690071106,278.2820897583875,278.51616523908035,278.98475733106443,279.8385555783307,281.5403895259319,284.7232069466604,289.95580898610893,296.45010246286483,303.4237467167516,310.59306358202593,317.27691399596597,322.70499927255526,326.0664099755481,327.97480332579164,329.49796044366667,330.87341010495356,331.8825386792222,281.2841862214912,284.0379996795324,288.3378689437772,293.07439957407433,297.38219582149424,307.32057856943493,311.8006831020599,316.9958692462184,322.0366641368451,325.62387132405,301.9316826222581,301.8146894405579,301.7034220449061,301.5460097151559,297.3051383265319,299.56162827746095,302.03031318582197,304.71883931531835,307.2553580788596,285.3377932152827,288.0702563979538,291.39137717297086,294.965212310424,291.7137901699345,288.4069727203767,309.67892512991926,312.84675970583254,316.27694222351005,319.64976439581784,316.25177104422056,312.8439881580333,292.81171298659837,296.05126470371613,299.5416905111783,301.86467087410193,304.2294427913813,308.30801153882476,312.56248445422887,308.4785062871258,304.71587616534003,302.1126798434898,299.64705165826433,296.32872693830205,294.1207056548754,299.6001002126681,301.95249596594033,304.36992729140576,311.1426855722891,304.557345413568,302.1349101521241,299.7762115783341,203.17054839727768,209.4459653475904,215.89922922284208,222.35459181033409,227.95482496100178,232.52045981518125,235.1393229570672,236.08412666955098,236.28623577739512,235.75892430132953,234.62905516320774,231.91854379763163,227.2602046798449,221.67925205542707,215.57307775545465,208.98716279019635,202.33478637606353,191.08688739575197,188.05512824181267,186.882630960751,187.23084229995064,188.6435697247241,188.44212231277737,186.6978607361446,185.97414365896006,187.04197824971635,190.31122607665435,193.3890343636025,196.5090619679108,199.32859942923034,202.3082249670098,209.83660208788933,210.1936594323438,210.23289332040252,210.00040412751758,209.4067804740426,197.90905453157444,196.0734789210987,195.69031020991804,196.91163596955096,198.51494072450856,198.92429878004643,196.37264790022496,194.7544093149631,194.9978465672416,196.66839700324843,197.78114448153315,197.67149456474166,221.47513780849985,218.29548182372568,216.43359878848008,216.77759599370683,216.2051867117307,217.7230012479155,220.48087845449834,221.3214906843612,221.5759294664088,221.7054792746336,221.74421410585387,221.81482173676568,221.07955951432731,218.73472313539824,218.67317427727727,218.4515306588994,220.18810141318244,219.26244455100968,219.39429358538305,219.48065715362318,12.392303316611903,-0.5182162436165602,3.9352533440194732,0.53393126,0.28237236,0.107520856,0.32514107,0.09161104,0.0,0.2678064,0.0036339005,1.0,0.07972105,0.37706366,0.6749652,0.58344555,0.0,0.46944654,0.73219866,0.057047985,0.24061255,0.35736516,0.3267173,0.9078268,0.0004360536,0.0011428511,0.00017917923,0.0036330528,0.021688296,0.0650938,P16_T11.mp4,29,00:02
29,408.8980282738095,271.0773507254464,17.76421130952383,23.909744698660745,0.9083066582679749,408.6688508002582,408.9351908394664,409.43390760342476,410.29291194771054,411.7553982028142,413.76144798316557,416.05540204264037,418.5332579649393,420.9381525525602,423.12988618058785,424.87110428126994,426.3586409337945,427.46177848542675,428.1011108702844,428.3730790401528,428.41184832671274,428.2207843213162,411.85933477802234,413.21812131482966,415.0984197418803,416.9345020284807,418.50720370465075,421.71292604712124,423.0310561377868,424.50548784796865,426.0176695904189,427.18888683012636,420.2054523702157,420.41874501199095,420.6341360178866,420.8523248426094,418.70711777877017,419.7467708374302,420.8143148662935,421.7939174296617,422.68903817758826,413.5757769616759,414.8849364174649,416.10775426076196,417.4585671849276,416.2915945578907,415.0635624422196,422.26358330861285,423.2621942804554,424.33437796853514,425.62826656661196,424.47460923137726,423.38868442210173,417.80419015862714,418.7865443665509,419.90800968369103,420.7205896457413,421.44799688843415,422.4944153329624,423.423224487415,422.6804309513309,421.79969947456067,420.9129311393187,419.996997766009,418.88577971684714,418.32253227063325,419.94029747064525,420.7494212029585,421.4851757278613,423.0533908039744,421.6403691648592,420.8741533019677,420.05082841590075,282.85824096268027,285.49588808231755,288.1941295275566,290.7826848456945,292.9828991482723,294.6171485632447,295.6817408590421,296.1858886579275,296.1571631305191,295.4147731917719,294.034988477416,292.198991698726,290.03529098403277,287.67809612913044,285.19865061477776,282.5689942093642,280.02387519953396,280.562261220809,279.65704797422194,279.4587525648457,279.68350839708467,280.0860283343418,279.555463721628,278.8952862183813,278.36686101358487,278.25379390370784,278.8383815591118,281.8074265564801,283.59259486801125,285.25266596175595,286.8965042337968,288.4653298363899,288.6583878862562,288.69322722925574,288.3761467960364,287.9264538547886,282.67853582809676,282.3524625279443,282.1421703587437,282.33524722035025,282.9006434803517,283.08405880316593,281.7478762824639,281.28542812622675,281.21908852412747,281.22191199532773,281.9022043794089,282.03167105141506,291.7985615747982,290.8217106559856,290.1347606260033,290.22097654186723,289.9372441936906,290.3110454441722,290.9030132873198,291.6628485499399,292.3073832360642,292.54039913244446,292.5858004125324,292.2500621532712,291.7116667261261,291.12357752179264,291.1220845536776,290.9236138530852,290.9068200994893,291.0635578093485,291.2354954053543,291.2717456288749,12.392303316611903,-0.5182162436165602,3.9352533440194732,0.25675124,0.31292138,0.45758292,0.26290405,0.06931319,0.0,0.15434653,0.013466343,1.0,0.0326478,0.21096414,0.3760967,0.46632984,0.0,0.7693515,0.6516674,0.018361704,0.06443483,0.23035283,0.30538562,0.17323296,0.00015250948,0.0017784704,0.00843037,0.76785755,0.00027096382,0.04827716,P16_T11.mp4,29,00:02
30,274.1606026785714,174.37188197544643,52.38757440476189,62.08807198660713,0.9956252574920654,278.2172894950246,278.48553671079236,278.9996912704831,279.89835985535836,281.59351781304036,284.73329565167825,289.9197119503285,296.3460166714598,303.23992437557683,310.34118366030145,317.00455392337904,322.4474046837752,325.82793066822126,327.75356500477426,329.31675207356193,330.74988338509877,331.8103667160925,281.27459010776613,283.9833367613729,288.2613833619295,292.998670759072,297.2944475928739,307.3402423187226,311.8205845523476,317.00658784869563,322.01897030623064,325.56149977440646,301.9458771404361,301.79946116295343,301.6512777132524,301.45495507046945,297.24988775307827,299.48605541208974,301.94410522733284,304.6405794953232,307.1699654662925,285.4423806367136,288.1878001184081,291.4978137312901,295.05957667227386,291.826361503632,288.5282672260113,309.6791542924152,312.8395367270958,316.24784044703335,319.6189339918018,316.2314224952968,312.83560654389674,292.717511670252,295.94220700107763,299.42708045967936,301.736858007522,304.1007144320949,308.18319778119843,312.46053384015966,308.36068663082085,304.6024989066998,302.00292474876926,299.5429764552012,296.2263481441554,294.01324422123906,299.47544391745237,301.825866664989,304.24129508672615,311.0484878504635,304.4548172770005,302.036870873485,299.6839656712497,203.40351344055114,209.59635195700486,215.92896066658264,222.2626041023586,227.7603752871869,232.23394517123165,234.75788661722692,235.63266102051765,235.82982743144498,235.3461795310603,234.3479218802754,231.8036944717342,227.30275097273022,221.8343295966731,215.79982861340577,209.26883669041862,202.6602247594718,191.16239831565113,188.05028385971673,186.8173454222148,187.14650825712513,188.57076001916312,188.3103154382888,186.5937590763757,185.93396236340848,187.09028887383906,190.44269739509343,193.20575163100648,196.29259079013036,199.08119787816457,202.02178537254972,209.57205587533036,209.9289298324576,209.97328095065964,209.75966106091593,209.18055633808686,197.864022361866,195.96649882717722,195.56331088069095,196.803345852376,198.37789492536103,198.79323535356954,196.28964204250985,194.66174905925723,194.91886963773104,196.65174514169007,197.7029270391128,197.57662160921976,221.16261021778087,217.97971693718407,216.10927835993138,216.45284298480158,215.90577036526588,217.45009699558307,220.24970193524712,221.01820152030493,221.24566808938715,221.3666600004128,221.40825776993296,221.48622194647788,220.78885201599513,218.395370447783,218.33107975606273,218.1289395539682,219.951381046458,218.98616802073983,219.10363830998372,219.18944953027182,12.651964715296065,-0.41564335129926655,3.9901121697465127,0.58725804,0.4564802,0.10633913,0.32721195,0.11675862,0.0,0.22012971,0.0038135392,1.0,0.13505173,0.34810957,0.65425915,0.5498456,0.0,0.44709972,0.756287,0.057826012,0.31860664,0.26769322,0.27625257,0.88632154,0.00050743326,0.0012008843,0.00016858897,0.0036618651,0.025440719,0.08269883,P16_T11.mp4,30,00:03
30,409.0877232142857,271.19698660714283,17.870386904761915,24.053278459821456,0.8911577463150024,408.8409775201679,409.09675217660543,409.61321287144165,410.48765477379675,411.9174682128531,413.8892080708154,416.19665867070734,418.70468668624557,421.2095301959567,423.486740893675,425.264763528852,426.76426491451014,427.89412104436127,428.5620208191832,428.84555022454356,428.86123533509243,428.63863132403566,411.669691810111,412.99414515990065,414.8699670485886,416.719796763297,418.30260712676164,421.8428201902684,423.16207441709236,424.6363578198148,426.1484251863273,427.3059199364447,420.2062508609296,420.412577935395,420.6239183269757,420.83546516950145,418.78549502698036,419.84840427663113,420.9414983748701,421.9783105046442,422.91209156987526,413.7093703730222,414.99089654985363,416.20300187599344,417.51972277767936,416.39705028050315,415.1716142448001,422.4246798133235,423.46602870261466,424.5745584498439,425.88515722079734,424.7191566917447,423.6016600918028,417.7257427563641,418.81794739511497,420.01302826020003,420.85131372038177,421.62953399853086,422.74070287700744,423.726297968168,422.95036241381064,422.04099073198057,421.08888198410426,420.11371438609234,418.9069294728485,418.2453187099397,420.05901004693237,420.9124593290268,421.70284644953637,423.340367173647,421.8765147049223,421.05389887146856,420.17936234576365,282.84944874345075,285.55250838612443,288.28807459030565,290.90976073278244,293.156521636533,294.87183307673183,296.03937682659864,296.61348593709226,296.6195986054897,295.8486574435776,294.41753433133874,292.5218639047104,290.28991241541695,287.855843730512,285.28878622851533,282.61423488071387,280.00233795388067,280.6721990126804,279.7028851591724,279.4500042568144,279.65374897404246,280.0579584191093,279.5182552188176,278.85824703136956,278.3134040627589,278.15565489565955,278.7587170307694,281.83286622565305,283.61427981760215,285.27119316714953,286.91314226403097,288.48887222029333,288.6879631891355,288.73996130049096,288.4025275533826,287.939674857167,282.77594446510875,282.390252809599,282.1696204050674,282.39065022766823,282.9400136117629,283.1240998979625,281.7831528380893,281.2897075526689,281.2179486450247,281.24788231162984,281.9377957786781,282.0587295810045,291.8705593450201,290.9244187498798,290.26993484563593,290.37285064173466,290.0937083189562,290.4558680075813,291.02363219236423,291.8703976251132,292.57533297904934,292.8097631884074,292.84036093888574,292.42821087434555,291.8061380480473,291.28849671186913,291.2972123825986,291.0920190679062,291.04665491358446,291.2582980998845,291.4492084500297,291.47334256550397,12.651964715296065,-0.41564335129926655,3.9901121697465127,0.20362656,0.32164666,0.5372226,0.26485816,0.08604919,0.0,0.1622036,0.0063302834,1.0,0.03323115,0.29871446,0.31394506,0.5079224,0.0,0.74225926,0.6377223,0.057570755,0.037673514,0.23665915,0.23867,0.16099131,0.00018441952,0.0022926244,0.00960735,0.7798864,0.00050888624,0.046528924,P16_T11.mp4,30,00:03
31,274.1409226190476,174.49830845424108,52.37306547619045,62.13070940290177,0.9955124258995056,278.470511436722,278.64577577484397,279.0973161963552,279.95307246845175,281.6117266321132,284.7242295658191,289.8988381570143,296.3367884843295,303.25648132392797,310.3943602443333,317.09891554228545,322.5823309293915,326.0022408195978,327.9768987313135,329.5719557463945,330.99061966395584,332.00321461018854,281.5256453962403,284.24768423509295,288.51465695026343,293.19167818022953,297.4068768349196,307.5567746610016,312.01553870720664,317.15266048777715,322.1313959939745,325.6372826875897,302.1196428531329,301.97674369096734,301.8342489268536,301.6427820030476,297.50629209666874,299.714916501085,302.1381696166318,304.8028861426105,307.29966637868256,285.7833125122824,288.52345149690876,291.8294877840265,295.322162659968,292.10593162594836,288.81902647743993,309.8287851271031,312.98334768017446,316.3874238312715,319.72891160695053,316.3746208555843,312.984636421219,292.94118913855124,296.15632918661765,299.6313771958241,301.93811256717373,304.3118047016889,308.4127075795,312.705201811287,308.6131112558597,304.8254257790859,302.20369543284437,299.7364029250516,296.4176392091354,294.2623309105185,299.67425227719536,302.0244937686346,304.45135758107335,311.2948791590379,304.6775405222583,302.2448862629884,299.8891387365348,203.1384043507925,209.35235148686183,215.71686135037712,222.07425203060498,227.62157119778135,232.16171701898134,234.77459949136195,235.75687347157103,236.02650920562996,235.59181240737405,234.55625120694083,231.966783826159,227.42256736083212,221.92226946604274,215.85608093466385,209.29210950893184,202.66509420448162,190.88628102532442,187.8183818635633,186.67436199439598,187.09600251269038,188.59176425225735,188.3301276005438,186.6081762538899,185.93824866352946,187.06523048730114,190.3886092293372,193.3408816557958,196.47234463662758,199.30271104814256,202.27259478756494,209.7534121438554,210.12200985833064,210.1881356057191,209.99307798272696,209.4441409567751,197.62261267789358,195.69494937495696,195.3456672223785,196.73622547533247,198.22650339955823,198.58714202709976,196.33888216966218,194.6242344295831,194.86841086211052,196.65465705508277,197.71105586502568,197.58876767170332,221.38115376505078,218.2213429251739,216.3783054695168,216.75855518060845,216.22700282695388,217.8064749632653,220.6108999063407,221.49062120694734,221.7216747004937,221.81168659655245,221.8188368873823,221.82379631843642,221.0234036950228,218.70234107840565,218.6662429973548,218.48946327752185,220.31873786761025,219.39002218763818,219.47026631536627,219.52099382923993,12.279931460054948,-0.40705839191026505,3.515624951224312,0.6049741,0.3659132,0.112851456,0.40869057,0.09657893,0.0,0.1268255,0.006360541,1.0,0.059559625,0.29810548,0.52139574,0.5931441,0.0,0.4574443,0.78168017,0.04196564,0.32463357,0.25311744,0.17510901,0.8901685,0.0004444704,0.0015107001,0.00026245072,0.0036085637,0.027723726,0.07628151,P16_T11.mp4,31,00:03
31,409.18738839285714,271.1201450892857,17.810751488095207,24.0558523995536,0.8890597820281982,408.88402279096556,409.1665527525151,409.7054245818934,410.59463641980346,412.0369796312328,414.0110605984483,416.313811368623,418.813572688892,421.3134639151137,423.5876973176152,425.3728838457124,426.87754406102647,428.00847087267886,428.67617198385415,428.9569718734117,428.9774557193239,428.7623022113782,411.69928437562913,413.00766185830554,414.87988365407375,416.73447437306226,418.32867076071216,421.8497260113305,423.1781528862365,424.66672369011627,426.19767480551764,427.3658923683212,420.2290073017307,420.43555432523686,420.6463168399219,420.8584936949127,418.8278623436842,419.8941131970002,420.99280440569873,422.0397672361104,422.9837430361083,413.7401998047254,415.0323132341902,416.24184605176447,417.56496054748067,416.4423769671452,415.21956105083586,422.466158146727,423.5099843075798,424.61602595640744,425.9417962115664,424.7547982054086,423.638061253247,417.8459892779879,418.9088376277095,420.08995115230323,420.93358277676526,421.71557359653974,422.84419135139126,423.8399230594143,423.060477019825,422.1408013757127,421.18149667330135,420.1990188136665,419.0033885139395,418.36307088934063,420.1400845263767,420.9988695511704,421.7948179482687,423.45453425279504,421.97189094569535,421.1434075597391,420.26390124504024,282.8667224125594,285.57616312437176,288.3178772925281,290.94218056800423,293.18283801341795,294.8897867458432,296.0417944546074,296.5889600478041,296.5719191397895,295.7987034241017,294.3772810931803,292.4854099466924,290.2547870908932,287.8195253665745,285.2502247876356,282.5696928819631,279.9478414738053,280.7247728438607,279.74244467717796,279.472801214071,279.6589323557064,280.0416069021891,279.500586462766,278.85070139379974,278.310739128693,278.16380173136963,278.7755383257754,281.8208005503776,283.60181976433796,285.25470697315444,286.89355573604087,288.5062529681402,288.6953358139051,288.73618994555903,288.3987200896878,287.9350453103545,282.8166621643533,282.4498705562676,282.2163822426067,282.39443082513475,282.9619993956374,283.1553631157097,281.77080482499576,281.3107071910343,281.2460295120893,281.2475075149149,281.93661643884445,282.0545211462056,291.93910465781795,290.96189186063515,290.2832614433503,290.38146518173244,290.0961917096993,290.4639958959723,291.0494932085502,291.8901344151882,292.5980237824719,292.8372640908313,292.8744223551169,292.4720614648288,291.86526473784124,291.32537903981915,291.3290680247528,291.1187614713586,291.0694729161296,291.263760603044,291.45802248082873,291.48743284438837,12.279931460054948,-0.40705839191026505,3.515624951224312,0.19977501,0.30123618,0.46906802,0.2589555,0.085000955,0.0,0.16894652,0.004615288,1.0,0.028625822,0.18955211,0.2921273,0.53647876,0.0,0.72437406,0.57837105,0.07852292,0.039504696,0.31829762,0.24935481,0.118128866,0.00019325296,0.0022919546,0.010461657,0.8067192,0.00061288604,0.061592262,P16_T11.mp4,31,00:03
32,274.2018043154762,174.54551827566965,52.296447172619025,62.151635742187494,0.9950321912765503,278.47881138211676,278.64127300687676,279.0912551326752,279.9369406668201,281.55090121534323,284.62462141053743,289.78434028796784,296.2527563847889,303.21782052357963,310.408843717958,317.19423018751604,322.75104611603825,326.2040571868326,328.1788778523518,329.75867748324515,331.1719468082853,332.17381368397315,281.3894620398063,284.1337924382765,288.44783244970915,293.1925547464965,297.4721693371308,307.6300890100473,312.1502081078255,317.32751311189315,322.32573835725185,325.8342595299973,302.1887164896749,302.0333086531964,301.87447783453615,301.67265524876063,297.5514558289502,299.7605685112252,302.18574249606513,304.85905601648665,307.3585442781197,285.77939556753864,288.5310153621548,291.8649244347531,295.3727899063663,292.1397765676458,288.82719667492745,309.9299285018618,313.1259980828931,316.563463480065,319.898159394022,316.5476733077154,313.12790961839715,292.9934416511622,296.20290976244746,299.6759541698672,301.99216618554544,304.38719125459835,308.49565006800276,312.7959870371303,308.68422526819217,304.8791671481617,302.2425017642409,299.7751317445071,296.46090259673764,294.3278890319648,299.7250206189971,302.0812837489164,304.5262888032529,311.36211758296054,304.73144990801336,302.2836308955977,299.92105303036794,203.20801745204355,209.45281279019588,215.82644562132057,222.19455278120918,227.77448050760472,232.35351046235868,234.99578598071224,235.98288957870489,236.2408712994166,235.82732170669578,234.8180220696992,232.24141001862515,227.68397152420408,222.13094310323865,216.0146118418207,209.4082606766575,202.748462089715,190.984194669556,187.84475099375834,186.62344651035366,186.99570471347147,188.49318384561178,188.25929858582953,186.54090929681956,185.91217081744702,187.09792963133935,190.48215876472372,193.28108461763344,196.41855674460308,199.25803826821834,202.23983583282518,209.7379027516137,210.10782932595973,210.18553991234612,209.98215698014752,209.4290519593375,197.63070808474538,195.66759224011489,195.30240894107772,196.71022594449994,198.20798736153444,198.58315065407527,196.3011217831839,194.55347822145717,194.79676334594475,196.62891678139144,197.68492678887338,197.5566538656894,221.36315041816775,218.19021486216675,216.34386271881328,216.73514070019633,216.20997521576513,217.81619849092834,220.66565333990016,221.52168783835526,221.70807144086208,221.78324813134776,221.7821456643594,221.80026524276514,220.9978871013653,218.67520698299325,218.6464183692161,218.48586716860225,220.3665824967144,219.37915438222913,219.4436398101864,219.48268403421432,11.959585254674861,-0.5321781222189943,3.5739516903570965,0.6022336,0.3848594,0.13713972,0.42337814,0.09789554,0.0,0.15271269,0.002541481,1.0,0.054265007,0.29634756,0.6448499,0.570765,0.0,0.5533268,0.7557917,0.06215921,0.27708292,0.4247884,0.2092014,0.90210164,0.000430976,0.0013767066,0.00023654621,0.003434997,0.019299636,0.073119394,P16_T11.mp4,32,00:03
32,409.2282738095238,271.14686802455356,17.767038690476227,24.00315987723218,0.8831055164337158,408.90627096924226,409.2106615119941,409.7668922778338,410.66909630435464,412.1261709303983,414.1043660903287,416.4019689905803,418.88849894933435,421.36527039077,423.6132403113565,425.38275788793743,426.8828552312772,428.0169807057402,428.697723130688,428.9897215238965,429.016590066478,428.80375000507803,411.7163132030252,413.00501434722133,414.8713702716813,416.7311558502973,418.3350181316148,421.87036637134565,423.1988415427613,424.69018815373437,426.2233501144272,427.3874876651118,420.2320548413912,420.43575616463386,420.6460072316432,420.8571235859025,418.8656821486374,419.925780925399,421.0178472588933,422.06463709366824,423.01195666517896,413.76703454268807,415.05809376632413,416.26445012407714,417.59488506810334,416.4775245341072,415.2586841758826,422.4784744556549,423.5079430938737,424.60761846127986,425.9432734566619,424.7526691039048,423.6423441793336,417.9171865418763,418.9641892647842,420.143855631293,420.989153715624,421.76677397576594,422.9105051688068,423.909796914185,423.1370318769454,422.2128793414471,421.2526388337403,420.2676157437867,419.0663395149474,418.43071907313856,420.1999671058738,421.0603304592881,421.8534434816188,423.5322277925839,422.0335846125391,421.20634081535087,420.32514704486687,282.95053083866094,285.64282662049504,288.36656203082896,290.9725170816283,293.17997645072904,294.847522328484,295.956693536722,296.4596554854492,296.4169645474409,295.6391434170446,294.23716175038135,292.36864089095684,290.15460430865295,287.74142632956614,285.1931467943886,282.5239605344343,279.90663485376166,280.7964531688883,279.799559848685,279.505152729263,279.6646282597326,280.01916082514475,279.4588229493376,278.8192915465064,278.291282622206,278.1614225779683,278.7790659904244,281.8006645186606,283.57475403957983,285.2175173350879,286.843838456008,288.4875872175507,288.66185503957826,288.68696553822343,288.3487893054102,287.8826020648041,282.8572643759474,282.4814876350782,282.23357082010114,282.3985642736287,282.9844341322474,283.1879826567495,281.7306878460039,281.265450017797,281.1953033780019,281.18531394573284,281.8817311178864,282.00786390295826,291.95328240892366,290.9533674507047,290.2565931758767,290.34197161821385,290.05313564388297,290.408054498246,290.99427802585967,291.8358076468702,292.5551738163839,292.8037756504338,292.85399493088426,292.46850774421057,291.87014272566165,291.29741184189135,291.29088613388166,291.07245775899264,291.0149522105092,291.2321822312306,291.433308294801,291.4727132014674,11.959585254674861,-0.5321781222189943,3.5739516903570965,0.22991282,0.31266263,0.4575355,0.26226017,0.088279046,0.0,0.16903241,0.0041443873,1.0,0.029190302,0.2008282,0.52750385,0.6160793,0.0,0.7373895,0.66208607,0.09849466,0.038361885,0.42123356,0.29254293,0.16597924,0.00024890548,0.0027277411,0.014023387,0.7452026,0.0009598504,0.0708582,P16_T11.mp4,32,00:03
33,274.31236979166664,174.4989990234375,52.12870163690479,62.09549037388393,0.9951086640357971,278.2665399806504,278.4811813815005,278.9980000427698,279.94002983801096,281.66238303917453,284.81540502537865,289.99604536734404,296.444145796213,303.3485883511733,310.480129367318,317.19486129740494,322.6962873206951,326.10815167555245,328.0840441951726,329.69529649607983,331.12326934186626,332.12627422118356,281.39218508124975,284.1639492923668,288.48284175667203,293.22796354946973,297.5032968305225,307.673936413017,312.177989271939,317.3488984723794,322.3555463591916,325.8584730575845,302.1914086129987,302.03961435288966,301.8861545619399,301.69293077734665,297.55518366797827,299.76679099499836,302.19849267084095,304.87796315595415,307.383787616329,285.658556696026,288.4485940011727,291.7779279718141,295.31317707205466,292.07068832086026,288.7545031610288,309.94551173313164,313.1559578916597,316.59765523493473,319.9911854262982,316.58982057786034,313.1619404784393,293.12191142836826,296.3098906862099,299.73768861944274,302.0362566427149,304.3975796473549,308.4792272365946,312.7303237128543,308.678460256461,304.91528881244705,302.2967012520368,299.8356995576455,296.5658405829698,294.439079838388,299.77689077401607,302.12187825217103,304.5431648084901,311.31540418744294,304.76721645858987,302.3432783771725,299.9919019227129,203.36755470145152,209.6131487871753,216.00164986044243,222.37040440006282,227.91302455281175,232.43898247334997,235.04724374254818,236.0081928577852,236.23874674028693,235.76019753632022,234.6735385946465,232.0538717702515,227.5040945379842,222.00933507947218,215.9565694923555,209.40467318149723,202.78409482018614,190.9871798486019,187.89573475828442,186.69034345404242,187.04462407092657,188.49046029015594,188.32849074696438,186.62381549014347,185.96358796137085,187.10716586434685,190.46844693721974,193.36955294235995,196.5252764195876,199.3691681092898,202.34781900966289,209.90003314341558,210.25377856972295,210.30616950784642,210.1220017696107,209.57831920623562,197.67878976920503,195.73198408018598,195.3679834253158,196.7641157628446,198.24042453433455,198.61851780082438,196.37020217407635,194.61735310322047,194.8545180328057,196.6746412253771,197.7194620323337,197.5975118641813,221.53446780901717,218.37412970100704,216.4984888137473,216.88487864453137,216.34846223703713,217.95997658146322,220.78374865861036,221.63652265610108,221.85929073709968,221.9515300557627,221.9463469237866,221.94009785207245,221.17183066872855,218.88708211001824,218.85861707759764,218.68025871093408,220.49219637460067,219.47013782246628,219.55029204934954,219.59232116493638,11.480265900903197,-0.5214807884924973,3.2942323790704937,0.5881529,0.4258539,0.15161087,0.3838436,0.09161104,0.0,0.13730828,0.009670477,1.0,0.062325157,0.2956542,0.67753863,0.55017006,0.0,0.5328258,0.7952627,0.047815844,0.21039852,0.18176271,0.16667753,0.8891073,0.00029561538,0.001251863,0.0003146158,0.0030638296,0.022326482,0.08364039,P16_T11.mp4,33,00:03
33,409.1091889880952,271.03671177455357,17.84014136904767,24.058928571428567,0.9122189879417419,408.87028101589,409.16291223319513,409.71458409217854,410.61398509101144,412.0492555791565,414.03031656410013,416.35154579792703,418.8790456018703,421.39434473054746,423.6621783715912,425.4356902107171,426.92473014167376,428.02927155639446,428.65908452442716,428.92396307736635,428.93894289093356,428.7105768807019,411.7185269359393,413.03375972962806,414.92111212896447,416.79804663153635,418.4065482095523,421.7583223649008,423.1077549075655,424.6206403613942,426.15808204033544,427.331100390298,420.22861064834257,420.4454815230625,420.66679729823556,420.89136543959376,418.890327354627,419.9490000811645,421.0388972439085,422.0652528080344,422.9978421387928,413.7277923027745,414.99918698611003,416.22662912398573,417.5643961691005,416.4402089138755,415.20242115403926,422.45752258654153,423.4774164390138,424.593979562819,425.9218552847419,424.76003264610256,423.63295525912724,417.94610952413507,418.9869828593305,420.1658675142271,421.00864507590023,421.78376481677805,422.92773557880093,423.9373492008022,423.16887185858826,422.2524669214657,421.3017280107311,420.3229808925731,419.11723582297566,418.4680084658946,420.22900815976516,421.08462998662674,421.875061661005,423.54723562061787,422.0586998924613,421.2362281090873,420.36071522363596,283.0647920468024,285.7572315578801,288.4757708773868,291.0831532689929,293.30563963294026,294.99387064486746,296.11642225244213,296.61843960016967,296.5692239002245,295.7994576573372,294.4009505226783,292.52125839216365,290.28596045877254,287.8470334272725,285.2750071815082,282.5896144638317,279.96795607758423,280.808067215234,279.77354029617135,279.468854674037,279.64337165313106,280.0298233099069,279.4547731330352,278.7943079043286,278.26440624884196,278.1456639081665,278.7808355366758,281.7663442159551,283.51122318685054,285.13127668772427,286.740070806614,288.4727972854461,288.636319029757,288.66123662889004,288.32821842312813,287.88216414455854,282.85711039717705,282.4405304720572,282.19106021902394,282.40136010946975,282.9901769156967,283.1977019699131,281.7674403838175,281.2724173442168,281.19628874429634,281.22249782534584,281.9279394925705,282.05409774439676,292.0529451947553,291.0135560742872,290.27947293468884,290.37367797936713,290.07542739604196,290.4659522542783,291.0793708875775,291.9264023377214,292.6398492999162,292.8883576097233,292.9402010150467,292.5673439047592,291.9730092614038,291.363648342107,291.3521170691933,291.1388874679378,291.1028429906283,291.289638942693,291.48911912287986,291.5297702585373,11.480265900903197,-0.5214807884924973,3.2942323790704937,0.23818286,0.22192627,0.4828285,0.2645054,0.07606744,0.0,0.16273819,0.011894348,0.0,0.03703646,0.18475972,0.16776153,0.6004438,0.0,0.6976547,0.54745036,0.031588636,0.051120784,0.4048811,0.27161324,0.0531807,0.00013443835,0.0019694793,0.01678853,0.8798893,0.00031719313,0.047720324,P16_T11.mp4,33,00:03
34,274.532421875,174.59126325334822,51.87691592261899,62.12143903459821,0.9947851300239563,278.2388372380967,278.49129504204234,279.05507066839374,280.0695695409583,281.8667595867537,285.0878604339242,290.2790745697702,296.6960695845065,303.54682121297395,310.6322797754732,317.32076756955206,322.7747723373748,326.1480108030307,328.1025615330395,329.71239436826653,331.1281939773944,332.10166145866515,281.38385816784563,284.21374894818365,288.56755746471146,293.3182434409568,297.580229528898,307.77367435262767,312.2857099913246,317.4498623816862,322.44764091145885,325.9424206275834,302.29633796580174,302.1670743093481,302.03762403548853,301.87366287136103,297.71964383924853,299.91649727603453,302.3241395160022,304.9585152391731,307.42806336026075,285.6648481282828,288.48658550529365,291.82449774034876,295.3457349170244,292.09283579687815,288.76712256391266,310.05123315253735,313.26336747768386,316.7155051165711,320.1065877608437,316.6953148905665,313.26850389961635,293.3271011028274,296.51103398333237,299.93347945996703,302.2147417267287,304.55250241311205,308.5945554449847,312.74509095218787,308.77120659271014,305.03650354173305,302.43994005960514,299.9924572251237,296.74447236333157,294.6369264634248,299.95723096813333,302.28831341735014,304.68150835981476,311.3429810627607,304.89264818145034,302.48895823154237,300.1512708591398,203.43169674719502,209.6758707142974,216.0375070085691,222.37251921960586,227.8680819064033,232.3561994142502,234.97652995599492,236.01047924984803,236.294986371613,235.81884983366712,234.69590625358032,232.03495087989015,227.4658325313602,221.9824088624863,215.955653059745,209.4476420702116,202.86005208689687,190.80882432300015,187.74487088300776,186.5988456179435,187.02003110559113,188.5120083841151,188.45452577984102,186.78070094749287,186.13603556224768,187.2838636847506,190.60959246916656,193.51077332017587,196.68694824852324,199.5455536713688,202.53133441303117,210.06346173643792,210.4039096472429,210.4529278191801,210.2949606283977,209.79310643461676,197.5732009738232,195.61543998010657,195.3004675668362,196.7837626927165,198.19159107265156,198.53197677765456,196.46563777826867,194.66278478285994,194.9048697693303,196.7588359392205,197.77648286969094,197.65477277490268,221.76503513084094,218.5428545686794,216.6333319527398,217.0369231957964,216.50470368412033,218.17818194128617,221.04537176480093,221.9682170530984,222.22832617068397,222.31368141750357,222.29105183540818,222.22530918928936,221.3985585351911,219.08584457063608,219.068075927636,218.9011333282864,220.7426072401634,219.76179503099092,219.83412260557344,219.86589644055556,11.224734717104852,-0.46693114769608324,2.344534481369632,0.6811071,0.30582082,0.13725689,0.37108555,0.073621824,0.0,0.10213543,0.019786099,1.0,0.04133238,0.22537032,0.43783626,0.5106477,0.0,0.4739492,0.7834633,0.06461484,0.25847563,0.22192012,0.13221054,0.86233264,0.00025963018,0.0015313969,0.00034382852,0.0034619244,0.021935703,0.110134915,P16_T11.mp4,34,00:03
34,409.0705357142857,271.05050223214283,17.8252232142857,24.028962053571433,0.9197447896003723,408.7194204707816,409.02083834211874,409.59238026290467,410.5007793458525,411.93099964328576,413.9159806182648,416.25240695620687,418.7994014606851,421.32940246428893,423.59388721372534,425.35900623142453,426.8324729476443,427.91406566665904,428.50699146991064,428.7469766539907,428.752897524839,428.5153322496571,411.728774834524,413.0874522784406,414.98907701651365,416.88003645297607,418.5017939146515,421.6615830837576,423.029072227192,424.5433250641956,426.06413296692205,427.2357968262982,420.22385642828954,420.45000791441385,420.67793823982055,420.9079481744367,418.91933991413833,419.96196831878405,421.033719845788,422.033652670285,422.9412972503874,413.69765774366846,414.9537313940376,416.1942930502584,417.54505165166887,416.4277575423216,415.17710892209254,422.3614472048756,423.35001780087396,424.4708120128286,425.79700802331655,424.66575045527355,423.5362356341218,417.9599560318541,418.9875682830598,420.1590276188856,420.98424233345713,421.74518853003156,422.8731995015485,423.86921200488297,423.11310218873433,422.2188410110399,421.2917082583545,420.3350433362102,419.1339951143108,418.48757437184656,420.22713911720683,421.06269172384003,421.8346220381478,423.4670396453781,422.0230535380582,421.2185008581276,420.3650395506993,283.0321407681996,285.72584139028965,288.4433303355758,291.05635071376736,293.29771055253224,295.002378252279,296.1275052698675,296.6218438471109,296.5500990480717,295.7734320370853,294.36265092970405,292.4755482230482,290.23203315292085,287.7916512754453,285.2302172364441,282.55694834516515,279.95025444755197,280.85056883486254,279.80589605405595,279.48332890079627,279.63918100221616,280.0113012899598,279.4693259123387,278.8198407539898,278.3031455184027,278.1877993920632,278.79876107882177,281.6970084535098,283.4018024766259,284.98615189346884,286.5626314503367,288.37907728574635,288.5231426433993,288.5434454728131,288.22627585072865,287.7998751845916,282.8413151396705,282.3977293392484,282.1327304093553,282.3564104260225,282.96857862985956,283.1910177557423,281.72890209656674,281.220046643962,281.1395159256844,281.1759761155756,281.89380737278873,282.0247711924224,292.05554794095724,290.9728690128348,290.19872331317913,290.29830393928904,290.000682643773,290.43904879694804,291.10130120902585,291.915236191993,292.60134223730836,292.84431449643466,292.9019265462764,292.54840673015985,291.9667537837715,291.3105047394362,291.29341413284254,291.0931804209974,291.1214235764835,291.2498884276953,291.44342957899374,291.4871718384884,11.224734717104852,-0.46693114769608324,2.344534481369632,0.21588545,0.24500044,0.52474785,0.31785947,0.073891655,0.0,0.122766376,0.0020637135,1.0,0.041106675,0.19676274,0.18141434,0.5612339,0.0,0.7142207,0.5605506,0.005949188,0.07989411,0.4530352,0.2526843,0.06935265,0.0001558094,0.002462712,0.027485015,0.82576555,0.00028597668,0.07449227,P16_T11.mp4,34,00:03
35,274.6756324404762,174.34951171875,51.88005952380951,62.56364397321428,0.9945194125175476,278.01712652407906,278.2918194118292,278.83867574980496,279.82629077164404,281.6653193866202,284.9097878420832,290.053583078437,296.34475847279685,303.0741519262442,310.03294444300366,316.53854140860227,321.90545518537454,325.27273728587926,327.1921116211438,328.76382198444304,330.1665959029392,331.1746119962939,281.16551662771576,283.8196349495031,288.02892552095636,292.6364151160585,296.8090294027691,307.7881329667056,312.161547227442,317.1619577010182,321.9708424319167,325.2989870523874,301.9957724969581,301.8739075308286,301.744676878427,301.57514974675405,297.2341919395607,299.4826773091938,301.9417022738559,304.5889147054005,307.05846463610885,285.48953134277804,288.35755774096816,291.69103196796993,295.1512219532756,291.94432252521096,288.6146586760104,309.60675044164,312.8090966584154,316.24744912913536,319.5860784415475,316.21896191236226,312.7945532316934,292.8885198246591,296.1407432827403,299.5630174358565,301.79395000816123,304.06936980408346,307.99598762141676,312.04650200972003,308.1154450910612,304.4537548097968,301.8886120539698,299.4552640685479,296.25452881596317,294.14226165590907,299.5228529661508,301.82654070872013,304.17933153480357,310.7041302985758,304.3359396286468,301.9564515460023,299.6403728038658,202.37604424539154,208.54425161064137,214.85084527477687,221.16555193357303,226.63588513649069,231.06638570328641,233.70392339988544,234.87466030120714,235.2833887658029,234.7655980254936,233.5952683401201,230.89515810941214,226.35312512181034,220.85395118497777,214.82737442149778,208.3688892086775,201.78636422807017,190.65033261490254,187.64238278949466,186.46672573504037,186.78279690926496,188.08700443124033,187.98478875333743,186.49278308082572,185.98752877435084,187.20936232737267,190.50793233024154,193.32109421048546,196.4791590490678,199.30678380782416,202.265411279592,209.6356798498725,209.9682857815549,209.9927097886468,209.8020521766719,209.27934799558085,197.27508946926034,195.25675047132785,194.95105211653149,196.56168963953985,197.96644146407024,198.29540258927105,196.20474696132587,194.29084766685963,194.5165571746849,196.42741353679082,197.50224213250647,197.3934662504268,220.7706419618135,217.7359389435879,215.93152480293531,216.30957782439887,215.79155438926205,217.35397933396177,220.01631692929726,220.85795622095202,221.16492544749886,221.2852599976471,221.26561070942054,221.19259823237545,220.42243205198352,218.29197218382532,218.28436485292457,218.08786302085764,219.73731583106198,218.84175846292305,218.9562264184767,218.98245381048213,10.454949492746639,-0.38097152015972185,2.0603030616057807,0.61076385,0.3483767,0.28991777,0.3593776,0.08728098,0.0,0.1323405,0.013792179,1.0,0.06922899,0.35867408,0.5790333,0.54375947,0.0,0.48160526,0.7169543,0.0059210383,0.3238646,0.33100384,0.12267294,0.86991847,0.00036217092,0.001626434,0.00041840388,0.0034522933,0.013514077,0.110708185,P16_T11.mp4,35,00:03
35,408.72622767857143,270.74840959821427,17.595052083333314,23.631989397321433,0.8987869024276733,408.55933742913203,408.92653891176116,409.4652728762536,410.35721355407264,411.87360034798456,413.93956348185725,416.27293835316783,418.74811178680545,421.1352379309971,423.2369380550236,424.79685239307383,426.0484406403615,427.01362925952236,427.60157183822076,427.82318935048465,427.78340664738624,427.53584992022815,411.71695088365965,413.02606313467976,414.85067291156656,416.6809823517287,418.2893953815129,421.2538710469456,422.4931455199271,423.8738078143767,425.31234907379473,426.4495096506348,419.91183529614005,420.1733842571632,420.44624803015694,420.7134932738722,418.6603687498476,419.69465141874304,420.7735375023803,421.7579092409099,422.6223057719606,413.47146764847616,414.6867281486959,415.85763455218483,417.2304420615691,416.12735691823997,414.9490808433748,421.88368214857695,422.79272435165944,423.7970026543627,425.0409338807022,423.98325588577063,422.96904035875076,417.7482688092607,418.7672982867574,419.9377136605366,420.7721024448119,421.50431310186497,422.5517293364927,423.4430555933152,422.8135166286315,421.967650764392,421.082247289336,420.1457074225042,418.92464584151315,418.3085801911733,420.02549726449286,420.8488940824931,421.5820107358438,423.06956707107963,421.75925133244033,420.9973202781838,420.15704589855727,282.7720534736833,285.29124886175214,287.8366894074949,290.27021236581595,292.2841102926786,293.7152903321784,294.5950380915407,294.96638332402733,294.83119718243967,294.07119475089877,292.7058042410555,290.9317857369035,288.86307672432656,286.6678274116961,284.3605574038565,281.9094325939584,279.55598973562644,280.6292978569835,279.6643560203963,279.3891596449945,279.496762763107,279.7926373207978,279.14179561107886,278.47431467084914,277.92858374427834,277.73425007387647,278.2298452612986,281.27579805272785,282.9670759379122,284.55327431034294,286.1186111038461,287.3963938000595,287.60279023646507,287.654932351743,287.25460368919056,286.70276911965203,282.6109551618671,282.29817177215523,281.99516671934964,281.9479450429194,282.65032374352353,282.91588545680514,281.1709636322562,280.82320388361063,280.7198062109991,280.59198128932957,281.28143940094293,281.44254278363394,290.50994135257423,289.46900907652423,288.76241647896126,288.7683409510194,288.4946083681432,288.72564925607725,289.2602343998374,290.14277452092284,290.83997416806443,291.1053550201448,291.2123775230927,290.93985180841895,290.4196223112179,289.65980074087827,289.59131688641116,289.3714048783717,289.2980377714722,289.6705881818697,289.87788385340644,289.9711592147712,10.454949492746639,-0.38097152015972185,2.0603030616057807,0.38033265,0.2765048,0.2310227,0.24170567,0.10945346,0.0,0.27008277,0.0029851596,0.0,0.043287788,0.37642202,0.5465882,0.42197254,0.0,0.4936766,0.71977687,0.001193965,0.11134484,0.19489887,0.53193676,0.18695287,0.00012705172,0.0016973946,0.019714527,0.6821147,0.00046684008,0.10892659,P16_T11.mp4,35,00:03
36,275.215234375,174.405908203125,51.729148065476124,62.36116071428572,0.993528425693512,278.2914792535667,278.7018332306189,279.3913123477756,280.4712653598562,282.32199640920385,285.6226018754446,290.91272652104493,297.3799308913946,304.27188300703256,311.38520565801434,318.116783451704,323.58229395535375,326.9522065084534,328.8729605417166,330.4721987392221,331.88350169320194,332.8411979987366,281.82550953425203,284.6902764263483,289.03138473945006,293.74911735021107,297.99738429704416,308.42277457290464,312.8746016068118,317.98091912555907,322.9514169223394,326.5339174481375,302.8345356735268,302.6987204119776,302.5665983763656,302.4086594425355,298.2756273895289,300.4399336158484,302.8467482974593,305.4839390979495,307.9546626457785,286.20783322291715,289.07023051805794,292.4025506699511,295.90665043210345,292.6767949978794,289.36190838895203,310.7408938465906,313.9004218733843,317.3390025584932,320.7357935892471,317.3647882337868,313.9599729114132,294.049082677375,297.25794292502104,300.64063011469585,302.89565677862083,305.20809348003144,309.22770602925544,313.3932366863425,309.44803728725225,305.7315904149626,303.1412072388508,300.69950093901053,297.48949882440803,295.33654213117705,300.6308439580458,302.9497973298601,305.33951523004896,312.02610971023995,305.57435622714456,303.1741741868002,300.84784551415595,203.52619026730105,209.79795251096996,216.16751833570854,222.53378345127615,228.03966965683867,232.51001188502778,235.1112829409859,236.19371929067586,236.54296554388742,236.04401428810186,234.84691843848142,232.09485849842426,227.4498819925849,221.9394684629568,215.88634251852122,209.33341337850052,202.66800588285287,190.80521474847305,187.8577461348687,186.76897153148693,187.20371061264404,188.65552531127952,188.71000708448037,187.02376843781343,186.32634197124412,187.34540916526956,190.50211820801454,193.78821951067872,197.0769747619331,200.0375971476255,203.11287903324833,210.43519902060075,210.82668989078275,210.8906165986721,210.72053640759418,210.186851878411,197.64922406340284,195.6782680278165,195.39300646792566,196.96539295028364,198.31025798115346,198.62487578078571,196.69357731984664,194.83738783421794,195.02340732829913,196.8799536473517,197.90029652086753,197.81980828169202,221.81660625469473,218.77065384630646,216.97766402046594,217.3960779724802,216.86374941030783,218.45318360949202,221.153957665701,222.13230124522534,222.43890144386464,222.54041609254267,222.47757326617838,222.32901013056082,221.49245431201797,219.3719716905696,219.3821325223148,219.19686460863267,220.89432120606304,219.99785751606737,220.08100416425083,220.0858169550555,10.249640102924122,-0.47323112654775074,2.244518875102245,0.63080037,0.30520958,0.32294098,0.37089908,0.071650505,0.0,0.1113723,0.00719152,1.0,0.03904024,0.23122224,0.52678627,0.54052526,0.0,0.5112937,0.7453126,0.06383319,0.23941159,0.29225883,0.14925765,0.9061633,0.0003361368,0.001328919,0.00024723902,0.0033552381,0.01011798,0.078451194,P16_T11.mp4,36,00:03
36,408.3764880952381,271.1137625558036,16.645796130952363,21.753390066964243,0.6511105298995972,408.537127159425,408.78980372340385,409.2736788805361,410.14247867084975,411.6608174829511,413.70464151983083,415.9811648382775,418.3700694140978,420.6225210369026,422.58035850614243,424.09651280136177,425.51047402762873,426.59774728907337,427.27076519957143,427.56919758990875,427.59930004583174,427.39924715544566,411.71432258732284,412.8885175265541,414.58629323994876,416.312120701823,417.834397556822,420.92630269293807,422.2044084408922,423.67315685266396,425.2083525421866,426.3316049833885,419.68155594922166,419.9258888723319,420.1813248670018,420.4488706158687,418.4965380046976,419.4539196433912,420.4215252567512,421.32337909025637,422.16048004692556,413.4068097160437,414.63887101379225,415.8041069443295,417.07822641575115,415.98995425128777,414.81760619349444,421.6053964855046,422.5328499317302,423.5733163403537,424.81626288034323,423.7009363144952,422.66001090837875,417.72152618348133,418.6324930621275,419.645019748778,420.3969603332947,421.0258257968125,422.00673300192756,422.8686120436008,422.22728518712864,421.42284151310633,420.6285891393525,419.7822522195698,418.75474665541,418.21470109659913,419.7071197756968,420.43886758236846,421.0832502729975,422.53199572961614,421.24985858334196,420.5692306500021,419.8130859596342,281.75697176956675,284.3358484060876,286.97297104650977,289.471764289928,291.52604257818246,292.9833518388741,293.92921497437874,294.36335347435306,294.29817427442174,293.5458820511477,292.189639370646,290.48091773398585,288.47430828028524,286.2761895132634,283.937507042797,281.46657961497567,279.0806180688436,279.1153206132008,278.19832375223547,277.9211826218791,278.02586672468345,278.3416009866217,277.995745597676,277.36454313675307,276.8877023106916,276.90942456153886,277.6676090678842,280.3707791136651,282.04106787888503,283.5700445413583,285.081627532732,286.8379324281422,286.955003239563,286.9632371878105,286.7199809639043,286.3619224653393,281.27141154706175,280.9031026231275,280.68396788442175,280.9339161361837,281.4599078141281,281.6320715500617,280.40230835162566,279.8754881443083,279.82975332292,279.95379545050156,280.5363169485005,280.6421835533207,290.15072738490335,289.2066022161774,288.487163321937,288.5615878205241,288.2950145239729,288.68472362254744,289.25155907571315,289.9963548585759,290.61806462897385,290.8267715670078,290.8652869024045,290.54063408578844,290.0412090271472,289.45695656402637,289.4544608624034,289.267938284557,289.2396904896905,289.44611333172537,289.60182706428657,289.62688521555754,10.249640102924122,-0.47323112654775074,2.244518875102245,0.3558131,0.17500055,0.28585637,0.2646238,0.06615528,0.0,0.1498666,0.0022998925,1.0,0.030082643,0.13518456,0.7926177,0.45983478,0.0,0.4628011,0.62560916,0.027354069,0.15074995,0.2758832,0.18320577,0.13519107,9.240956e-05,0.0014828076,0.0048743715,0.74451435,0.00018577167,0.11365918,P16_T11.mp4,36,00:03
37,275.36302083333334,174.32039271763392,51.9442336309524,62.88225795200893,0.9936724901199341,278.11741785399954,278.3426947562894,278.8455949210167,279.79209771108174,281.58233333321107,284.8589676557524,290.1444140696649,296.6183884474965,303.54130645703907,310.6320490066311,317.3158091194253,322.8123500959675,326.2480542057957,328.1162595255956,329.6179436240366,330.98386946027085,331.95389066913657,281.85851283729414,284.67283751912254,289.00955703547396,293.7847675529583,298.1034445875695,308.131243647758,312.57521731861897,317.64911040556484,322.54945114478437,326.0413853697103,302.73866676579945,302.65775333030047,302.5816929018556,302.4553123224179,297.98599192194314,300.2789702896646,302.78269914676304,305.455199307567,307.9634348496221,286.2190285047776,289.0874817562487,292.46414244614846,295.9468811447332,292.7523543942737,289.3942669134841,310.2839233356442,313.4430600156633,316.8733803910673,320.18463343028657,316.86643595835966,313.4571332863513,293.5056004585734,296.8529474566519,300.3431635641592,302.62332351658483,304.9509048590707,308.92715029770017,313.0633785546008,309.0660344541633,305.3429009941964,302.7399036304332,300.2585845116546,296.99470788559984,294.83288439480265,300.29430965996863,302.6503951101517,305.0451674372356,311.7116879058793,305.2098593364944,302.7893242435107,300.42172470800915,203.09113034691504,209.23649452883643,215.50192903171833,221.82164615011092,227.32272079774717,231.8049158346375,234.50143365778527,235.73461468382962,236.19910907725478,235.71966436367407,234.59225100573386,231.90325781724923,227.24226612658515,221.60964755187618,215.41119264218216,208.80776126524185,202.09862069016188,191.36470235706662,188.3259216012962,187.0620697056006,187.28841256032032,188.54777688624003,188.32729789430692,186.7253085717536,186.14837193889133,187.26924340734107,190.47299941681362,193.38902023325616,196.52021276793036,199.3288017711251,202.27472097903396,209.84832423744083,210.18893426914374,210.23412705401833,210.0213458577971,209.48792886928655,197.76182921077728,195.66295538330652,195.25775628042615,196.81354308679474,198.3127084790724,198.70134034239413,196.45867088144163,194.5739815293403,194.79377012592326,196.70761350186584,197.80363073771042,197.69149659000936,221.17461302518356,218.04634398873472,216.20261059792594,216.5894029062105,216.04634736893541,217.64127756769685,220.39022046055976,221.27773155412655,221.6039894583877,221.73638344879055,221.713598153391,221.62072086361593,220.8415950934874,218.67113603870143,218.64400147748046,218.46041928199625,220.09717349613874,219.2407999075169,219.35319717005825,219.36874568292765,10.223200663348178,-0.39248022484238426,2.3311454412849457,0.5829354,0.29708183,0.22035255,0.36810377,0.09861743,0.0,0.15368156,0.0012194716,1.0,0.06323276,0.46357805,0.75369793,0.5863278,0.0,0.5233919,0.70140976,0.006706016,0.26964816,0.29663524,0.17705584,0.8809983,0.0006539975,0.0013745507,0.000284881,0.0028656323,0.021553332,0.09226916,P16_T11.mp4,37,00:03
37,409.08697916666665,269.5695661272321,16.646205357142833,21.85517578125001,0.7197573781013489,408.4062717291985,408.7648914362082,409.34839054234146,410.3021642136084,411.88332042572716,414.05394796481056,416.5820990141079,419.25342235334614,421.68551764406664,423.7257348905567,425.2256900807836,426.4811679835052,427.30982554328097,427.77933386069657,428.01227313957577,427.99763686064796,427.6709303538285,411.80536187970483,413.14804468003035,414.9528355900983,416.7559663775324,418.3264783429045,421.55713482704414,422.775824287142,424.17757118690224,425.6352245140441,426.7299925412976,420.3097230568941,420.64922282514095,421.0010046871116,421.37277054884873,419.3463298190937,420.35620961705155,421.3718357528646,422.266405808741,423.0720123625284,413.68333262120774,414.98137031567217,416.219729571535,417.5361364760476,416.40942593852924,415.16995837103974,422.1674659388087,423.08509169028537,424.1632131582841,425.4216142524609,424.33684135149866,423.2647694829286,418.66756476319796,419.66905328215495,420.75282260615774,421.54102444675686,422.20857038763984,423.2615524091239,424.188441707426,423.61455982302016,422.8193266908888,421.98834464678475,421.0891615759435,419.918509374358,419.1691031303017,420.8617622919933,421.64332207885275,422.3428933798119,423.8791039601032,422.56257825208763,421.8301671617751,421.02097461804215,280.69373964507264,283.3576440181899,286.04459001807163,288.5679764216174,290.60263491473063,292.0016133802304,292.8108324984311,293.0311379626895,292.8252890089004,292.03750454376586,290.6095177018842,288.7475244683297,286.58769241597867,284.32473579662286,282.0123741152663,279.5917152249128,277.2718314059721,277.942450605893,277.04439773153416,276.75037469366936,276.84620847728,277.11759319500896,276.6532919100732,276.02794466081207,275.516309559158,275.4420565881861,276.0510144252483,278.8622038779956,280.43910934767354,281.86336325843484,283.27317629076674,285.3411701088971,285.3819587905229,285.31063135581223,285.02300182225315,284.6071192176025,279.9544191931388,279.3490903341318,279.10090981638194,279.53113012799895,280.07035265361094,280.28921997020154,278.7962304169395,278.0684042039201,277.9479734055781,278.152318557132,278.8098052803603,278.96897071028957,288.7776614779899,287.7809422943964,286.995846540119,287.05747116768396,286.71597362474205,287.0286957086962,287.5390911895888,288.40779334589274,289.0852734481114,289.3412058944315,289.4098336758571,289.1354132159859,288.6430383506524,288.0563241247194,288.009834438154,287.7704703908893,287.56384921433073,287.8550522322035,288.04863472430867,288.09397076633195,10.223200663348178,-0.39248022484238426,2.3311454412849457,0.23079424,0.22434554,0.43124193,0.2533878,0.066135176,0.0,0.15135495,0.0033560202,1.0,0.02314022,0.1758671,0.45604497,0.48883444,0.0,0.6838077,0.6915271,0.01257498,0.079954654,0.5689537,0.22345531,0.22999029,0.00020680908,0.0038159802,0.097625986,0.2265629,0.0018447095,0.43995345,P16_T11.mp4,37,00:03
38,275.58236607142857,174.4559116908482,52.06744791666665,62.892804827008945,0.9941144585609436,278.2156995594964,278.48613588819757,279.03228409574086,280.01941701280407,281.85283206845054,285.16280511973144,290.4770283832793,296.9628556287305,303.95862198177036,311.09162011513337,317.7728440211653,323.2870186197921,326.74454962948056,328.5974946795306,330.05783353550777,331.42518955506387,332.41643067606327,281.84489006565894,284.7865957538518,289.29094615952675,294.2138227933074,298.64151746487335,308.47073220325694,313.05799342935165,318.2683116345708,323.30211539768413,326.89656104739737,303.0819067452627,302.9866656899793,302.89852767769105,302.7617884769803,298.2580296166846,300.59083492885986,303.116126408381,305.767608237553,308.26021402334237,286.1815857145852,289.1048140442585,292.58670862637354,296.0760773731094,292.80556692136906,289.34157614617015,310.7319065432139,314.0099631346783,317.5600766192764,320.85881705601724,317.5082860340942,313.9824416545997,293.85107727016646,297.22734164069846,300.7251067330647,302.9847538513011,305.30149746935723,309.2577124798745,313.43275879472367,309.37924694003846,305.65996947074683,303.0863062234446,300.6490650365547,297.3738964461054,295.209967218211,300.66942049542286,302.99916686571294,305.3749525605967,312.00967155308626,305.5224790298966,303.1228605789723,300.7968614124915,202.61546420066193,208.78782412720903,215.05793973920683,221.37235602721213,226.88549598373066,231.43497477909966,234.25859406441532,235.6370927296325,236.13760309870455,235.65043511438458,234.49949923320384,231.77803061307682,227.0914302492614,221.3724999774185,215.10404878968174,208.48716612744903,201.74880748482371,191.3745792713829,188.2937367118546,187.087816350288,187.4211667914457,188.77191905438687,188.48259038571186,186.80812334855125,186.1670748428537,187.25016519239912,190.47735787813477,193.25458021256281,196.3800158469553,199.19422438753017,202.15667240077082,209.72732864435363,210.04481982136994,210.07708266137053,209.8309547991575,209.30176684991207,197.62674384280317,195.45082401256326,195.0654175780304,196.73436277524388,198.29784870174439,198.67973510388734,196.24931805646776,194.2558798542317,194.49345617449808,196.5044518034662,197.69337479457235,197.55990371339036,221.16687160607626,218.08155534404088,216.22575828052732,216.61290336364638,216.04074177935837,217.6304243941945,220.3265352857823,221.22460913415873,221.5566977617888,221.69594259577903,221.69946937583487,221.64538008579484,220.84005965319813,218.69698746067215,218.65514293506067,218.46155239972535,220.04292638858814,219.14909907129933,219.28486660811717,219.30942811207746,10.800960276589686,-0.32036839866996686,2.549994720613728,0.38972256,0.22857666,0.28391427,0.40064046,0.0886605,0.0,0.12550355,0.0016749614,1.0,0.0671186,0.3837286,0.662422,0.54795444,0.0,0.41322997,0.78940994,0.012058255,0.26051807,0.2030586,0.13990349,0.90356344,0.0004348402,0.0015156015,0.00018343887,0.0024621096,0.017876495,0.07396405,P16_T11.mp4,38,00:03
38,409.95595238095234,269.2836495535714,16.137090773809575,21.41333705357141,0.7574808597564697,408.6930437449047,409.1028006768267,409.76754776916863,410.79289045752955,412.34499368967755,414.47320412526307,416.9733011210484,419.64577677074425,422.1280719655699,424.1698250439869,425.6443419532225,426.7591378107348,427.43217699207236,427.7793833302414,427.9515261175643,427.86158896242796,427.46000618620775,412.0190161101939,413.399956013998,415.252024110539,417.0967780454623,418.68200904616026,421.6480712069757,422.7906778794088,424.12692183066156,425.5349611206206,426.61409058056375,420.63480519422063,421.01927232682704,421.40600316603405,421.81102132378675,419.8451989073653,420.8291607940117,421.8149789813347,422.643919850677,423.3727185059658,413.978817036426,415.28201133079097,416.5187042660605,417.86224246811526,416.7150486500335,415.46921511869346,422.4639352651166,423.41861753127404,424.4785774703696,425.6561812306395,424.6581653712144,423.60104655237865,419.1569126359001,420.1466256851211,421.23954108762956,422.02372856937484,422.70911858293624,423.6916545488486,424.58209073870444,424.0036156797835,423.25602734074926,422.44745370440717,421.57546411962386,420.4214148544892,419.6826270960551,421.3470487719415,422.12936463699805,422.8275389259282,424.2489261205042,423.0312020663225,422.3035337327328,421.50507019603225,280.27886215780467,282.8376286698558,285.40866024446274,287.82461566412155,289.7806787175805,291.0763367681511,291.79978400878343,291.9977158974191,291.78462881472893,291.0477923162468,289.71842831766634,287.971090346628,285.9204141595135,283.7284309124028,281.4897613969579,279.17009161948494,276.95772046275766,276.46387632655245,275.5007526402808,275.18855181375517,275.2879864280458,275.6163892980585,275.08793020852045,274.4261804597625,273.9158708446606,273.826780664998,274.44383369540395,277.3646370402205,278.8783323086186,280.2615565956397,281.62504773256506,283.8846542366634,283.90999917362285,283.8249692687898,283.5406474134393,283.1526101183931,278.5685567726222,277.930834783776,277.7069039644607,278.19539745181004,278.6684906889099,278.86257596108595,277.5055918319364,276.76130868833116,276.6293520537724,276.9029327897794,277.49760912638686,277.6442561140304,287.46279938193175,286.28665064281915,285.38587614474017,285.44724281075145,285.11091084123194,285.52145961098375,286.1898641670349,286.93898410728735,287.5579148807869,287.8079518428671,287.8986256981894,287.7258580175694,287.3158636874586,286.453227591315,286.38007065912575,286.1715875696976,286.1983232005632,286.38387668815307,286.5591332207527,286.6266998084954,10.800960276589686,-0.32036839866996686,2.549994720613728,0.25540003,0.22624497,0.36404324,0.27361035,0.075542405,0.0,0.28586635,0.06472523,1.0,0.042931467,0.16401325,0.7594476,0.34013608,0.0,0.73628056,0.48522958,0.029168027,0.08807703,0.13622192,0.1686302,0.8989122,0.00057586556,0.0045398385,0.006345867,0.050985765,0.00061262056,0.038027816,P16_T11.mp4,38,00:03
39,275.60621279761904,174.25995744977678,52.16320684523811,62.765614536830356,0.9948660135269165,278.98922092875125,279.1820260191012,279.6813457372499,280.64121742106687,282.4688955135004,285.7135326021881,290.9177537648253,297.27188738646646,304.07139785996395,311.06645080289485,317.60877558892776,323.021526900684,326.40974451669575,328.31161130620717,329.86545047999937,331.2620682468529,332.2583305741308,282.2549040742542,284.9735984971761,289.2531781233637,293.9385475431745,298.17330104365794,308.85545658586915,313.2590072734743,318.27883750360843,323.1278570746751,326.5105662624205,303.1862648181822,303.0407336697647,302.8924146371146,302.70549171313456,298.4388144690476,300.6781544204444,303.1168370731633,305.74190617294465,308.18949344462544,286.6808161972256,289.5625996030797,292.93437947655104,296.3372548091801,293.125576258485,289.7687189730798,310.8847983718119,314.1285353465082,317.59873292060524,320.8711657987068,317.54561946109555,314.0894825205193,294.02684401191226,297.3110614248133,300.7577909396096,302.97840358170504,305.25709265596583,309.1763326334103,313.24094214279495,309.22326426266517,305.55188559981735,303.0057122770138,300.6094921090192,297.41594827387564,295.3120676218209,300.7221275702963,303.01226223368906,305.35738465879297,311.84485411883907,305.4314992816521,303.0697528061243,300.7851310603445,202.64244898570993,208.80140601966482,215.0770277034616,221.3635180953535,226.84615057613425,231.29586521472737,233.95023627970357,235.15636209203788,235.58256269993385,235.12584351391706,234.05179427826917,231.4526825804729,226.9451361791036,221.4252106961973,215.3680002133648,208.9059224976334,202.31809369456133,190.90381326573194,187.86242685457313,186.702337046849,187.07974968067498,188.46836518723134,188.33214045429554,186.7866604438545,186.25790071310325,187.44765163374944,190.7286569191651,193.37727264181254,196.53055377206107,199.36870521840407,202.33597251735716,209.70887356073328,210.0449774719087,210.08222558056835,209.88438905502736,209.36766077313814,197.32294364730734,195.22516177259558,194.92615557696902,196.63894231146378,198.02671382086118,198.33752699802017,196.22068784703262,194.2245425344518,194.46004018853876,196.4806389719969,197.5603829437946,197.42333666043274,220.94300100024083,217.88185024071828,216.07641012661972,216.4691830598044,215.9645176522033,217.58300790624227,220.3068695670896,221.04476550874958,221.277452831871,221.37580543697112,221.36230597177413,221.34277282475975,220.60609349602575,218.4767694721706,218.45830030029813,218.29500031807626,220.02263107707182,218.9678905211088,219.06373807081155,219.09487168941524,10.695280209722283,-0.09202461030214622,2.532644766732518,0.4459778,0.2970935,0.26785895,0.3512658,0.095105916,0.0,0.1227967,0.0016860828,1.0,0.055510215,0.3381116,0.67645764,0.517257,0.0,0.5624987,0.7795072,0.00264346,0.3023382,0.16553114,0.11826287,0.8116413,0.00028867973,0.0022528942,0.00045348247,0.0049188524,0.016447071,0.1639978,P16_T11.mp4,39,00:03
39,409.02209821428573,269.8851771763393,14.532217261904748,19.15115792410711,0.5079805850982666,408.0018290094312,408.4762330524328,409.17639000649507,410.3346743840745,412.11033713703176,414.3843332689829,416.9573589474678,419.61374982044134,422.06896674483846,423.93910340803143,425.16807755839545,426.1921313638616,426.95255941048134,427.504964520734,427.83823489682817,427.90770007059575,427.6752591229576,412.82541803548975,414.29807574695025,416.0326442307144,417.80571155974843,419.3631919302994,422.55502023117316,423.48887560703196,424.65634173764346,425.9611314432546,426.9401065808804,421.39557426526443,421.73185134699867,422.09897353014674,422.51974520445634,420.2680747180063,421.3085044532798,422.35446817068816,423.27235992580455,424.08316775681453,414.4348342804571,415.9200359130561,417.16531887314716,418.4018200610931,417.272060347864,416.0396343076535,423.056136011457,423.9591449161044,424.9535891775541,426.0701276047521,425.0504475628891,424.0813541448476,419.3708148537104,420.58869638344873,421.8357409031995,422.6469569338818,423.276518631191,424.19476790347005,424.89493581591273,424.3496892676988,423.60642341468485,422.83546847383093,421.9069333916879,420.668240527649,419.7979958107944,421.8843659769178,422.69023431793323,423.34844944056323,424.68477736515257,423.45449916751323,422.75938443826243,421.93006242345683,279.6248382649152,282.2094216102967,284.8469763970485,287.31339963526864,289.1908934811463,290.31823276209013,290.891521805914,290.8824975796011,290.60982567768076,289.79473038031387,288.39179741925824,286.71420087063285,284.88809634994584,282.93848951162073,280.911946623646,278.8450851143454,276.877902403552,276.2841670764768,275.57771658753376,275.31461409135454,275.35351771180285,275.5316290637919,275.26355557227424,274.7331048923844,274.2242538652898,274.0616232804039,274.60347547026885,277.1110618100094,278.41877260891323,279.5693354376575,280.724262441422,283.249303426547,283.204080929963,283.0417667683131,282.86102061072097,282.53175689248434,278.2818764107518,277.6270563313696,277.4078455734466,277.973854143249,278.4298659144377,278.5822319213218,277.182470726512,276.35768479632014,276.2348721717526,276.61535399048506,277.16905629902527,277.29279490674213,286.8049992715707,285.70227799234146,284.7290436762817,284.77929743929667,284.4800391365707,284.9314901667897,285.6158656831847,286.2348292567867,286.8481876187808,287.08289421158014,287.1548551564986,286.95087449272563,286.6316157758535,285.80886467993423,285.7524714842638,285.55808351279035,285.5648174375861,285.70718049780197,285.8536748674532,285.90063700693594,10.695280209722283,-0.09202461030214622,2.532644766732518,0.29929066,0.16851915,0.63082594,0.3182668,0.08246765,0.0,0.1971975,0.3090699,1.0,0.019144168,0.28706828,0.78138494,0.32530242,0.0,0.69709027,0.6800029,0.013284415,0.09700916,0.15985373,0.05152452,0.13522027,0.006656467,0.120825976,0.26091647,0.08060557,0.02959574,0.36617956,P16_T11.mp4,39,00:03
40,275.54073660714283,174.1417445591518,52.38645833333334,63.27395717075893,0.9945896863937378,278.56900207258053,278.7161870860016,279.159809242521,280.05979568105295,281.8432033424052,285.2093284914533,290.6273657869716,297.2085321758511,304.2753498222705,311.48241004897085,318.2115919183388,323.7769975183748,327.29635402417864,329.2478339639785,330.72546795057116,331.93158672607024,332.7460508966414,282.2768678141027,285.24240461440354,289.80129091742947,294.73828638705936,299.1351162064563,308.83374961189196,313.25739197701216,318.3688964105745,323.31894175371156,326.8176022055712,303.4804864847701,303.38160433243513,303.2929729043914,303.1698827501872,298.49720661896964,300.8178144616402,303.36909980651166,306.0799932280181,308.63105681329125,286.6568914239387,289.6078712906048,293.01266633532896,296.5086430434779,293.2500147283049,289.8536284454938,310.97445837467814,314.18541516476444,317.616162871055,320.8699418921538,317.5221820584142,314.1141398195714,294.0728967122013,297.5192739444697,301.019292108156,303.26074987703885,305.5812739941467,309.4573466538726,313.50792601467793,309.5570751132462,305.90931979999596,303.3154023037676,300.84448897332777,297.61181558257425,295.3905537771128,300.9132978087024,303.23488546674116,305.6157644002497,312.1801155281562,305.79493257860065,303.38495788064694,301.04055840106747,202.4720323788505,208.77334041746167,215.25049476615453,221.78570034684887,227.47208712205168,232.12682109148,234.9634431538404,236.32089248953795,236.81803677769048,236.2732005987738,234.98370474000012,232.07786200301098,227.21598194019057,221.40020975361404,215.06697285854614,208.33776836064777,201.5269246506129,191.10111889364745,188.05177280514047,186.8691843070238,187.27165874378352,188.703128265417,188.6403997161727,186.93611836865117,186.24323502930346,187.33317666664905,190.60190635781237,193.55581661917103,196.7737475223402,199.6650695313433,202.69525830597627,210.10465380049618,210.5373837138863,210.64177817623747,210.44276930239312,209.9092609658168,197.55954813339775,195.51384072997533,195.15929917782898,196.75381857557798,198.19393219584117,198.55482783933624,196.51567365833043,194.7092697529143,194.99630361018652,196.91735722795113,197.97544015728437,197.80730791323109,221.28398056984057,218.3543869272972,216.6228427262965,217.04920949692573,216.50327357142947,218.05870444568922,220.6258026076351,221.52053017569182,221.87068405578503,222.00065328324422,221.93850628723234,221.77764006430468,220.963153265203,218.9878681113759,219.00771785828152,218.82789345254773,220.3403346446696,219.52601982239935,219.639406862749,219.61462862191263,10.307403001232208,-0.43954006490514536,2.728382670198897,0.5589272,0.34029496,0.2486502,0.39180523,0.0922056,0.0,0.121132,0.0005364896,1.0,0.05170781,0.42075485,0.8065743,0.56799215,0.0,0.49588096,0.7674407,0.008718651,0.25482038,0.39348337,0.14710286,0.8575667,0.00024756222,0.0010689972,0.00013438448,0.003932398,0.014894892,0.12215495,P16_T11.mp4,40,00:04
41,275.3966517857143,174.07127511160715,52.522693452380906,63.086530412946416,0.9948936700820923,278.96835334186324,279.16096539171997,279.67317464598204,280.6442227948405,282.4582656509168,285.7219537853097,290.98342000290495,297.40362011538195,304.27068911788103,311.31164638021477,317.9076411993958,323.40315366419134,326.8540796988045,328.77043557956017,330.3239754438051,331.7370338633565,332.7438724499803,282.3315918450876,285.0745876006874,289.3756828999675,294.0890580514546,298.350203700184,309.1413653133645,313.6099459183785,318.6818571695584,323.56249201176524,326.99063092995203,303.4699498466582,303.33257737685926,303.19149579622814,303.01293053715074,298.6893910562657,300.9530158229089,303.4077658364657,306.03242200485795,308.4727281452107,286.8594415143116,289.7749763519615,293.17592189249615,296.58535732601223,293.35518655811734,289.9661241603766,311.17040235677354,314.445299045068,317.94578367368337,321.23525960419045,317.89900916895544,314.41169143256434,294.2254355590412,297.5817070706294,301.0592647015096,303.26760025279196,305.5362945888025,309.4326839318998,313.49602838544774,309.4592252821612,305.8027594573821,303.2672031703671,300.8707971994624,297.65755432607716,295.52401240812657,301.0083591858732,303.29133946457796,305.6270414597829,312.09407924919174,305.68068368554066,303.32838544989687,301.05190965204923,202.73424783337353,208.94017008618766,215.25266610322288,221.5647469886321,227.06578250897334,231.54682157506718,234.23002032732393,235.45483009139176,235.89654819064143,235.4239433959584,234.3701092018929,231.76363760363893,227.2224540870803,221.6145943698523,215.47716657917564,208.93867200249392,202.27694199279816,191.05794888448727,187.9993470540819,186.807589889583,187.16477906764152,188.54910541514442,188.44324008206772,186.8970191688809,186.39030589636283,187.6173830913226,190.92780511974084,193.47213106235472,196.64955529609787,199.512309757344,202.5024870662663,209.88404403467015,210.22101810746327,210.25738273543953,210.03882495895877,209.51014580866573,197.40364866315088,195.2858907715883,194.99387274650923,196.7448550780632,198.12933258762558,198.43646005020045,196.3302784650125,194.3074706521434,194.54359481362377,196.57429689583702,197.67340299863633,197.54294111672,221.02627163442583,218.01596269779338,216.21689503827946,216.61140093967384,216.10091087181937,217.6971777074388,220.34840229989413,221.11293487365057,221.3845753506541,221.500460246508,221.48590356579683,221.45134837023383,220.7194307029189,218.61674389429973,218.5974899089945,218.4297722197961,220.0879748890925,219.0695983506465,219.17905773089817,219.20882988816177,10.485104818655813,-0.10075055569954433,2.6213931164120177,0.38625383,0.30015928,0.24602753,0.36301813,0.09203784,0.0,0.12429506,0.0024090344,1.0,0.063258745,0.34282106,0.65187216,0.556985,0.0,0.43804413,0.8205979,0.008319948,0.2710698,0.294628,0.13462453,0.9085038,0.0002969064,0.0018760392,0.00039922236,0.0027498428,0.012936291,0.07323811,P16_T11.mp4,41,00:04
42,275.1713727678571,173.91451590401786,52.76493675595236,63.194698660714295,0.995269238948822,279.1445155116483,279.31572999614224,279.8067258038425,280.7664709267522,282.57578639879426,285.83740673427536,291.0922278202325,297.50068666962505,304.37821236683186,311.4437218860936,318.04035439909836,323.5312050412356,327.00210083342955,328.935275491504,330.4909140526024,331.8979518747104,332.90495285526583,282.4042577717234,285.1294378467177,289.40940897585824,294.09757335345927,298.3442340693503,309.33714956561636,313.79815947984076,318.8572652203204,323.7260547996126,327.1439034366541,303.5586121235482,303.41480262386085,303.2698495547926,303.08519700006445,298.74933109241204,301.03717723990127,303.52180094158143,306.181874402498,308.6500948896206,286.9434213870524,289.855715176964,293.24585598671473,296.6696236123105,293.4297401351395,290.05191642642757,311.28248312343175,314.5738656430558,318.069092794843,321.3793826295662,318.0268168880485,314.53872235477104,294.186482482792,297.6000257845163,301.13780682537833,303.37993505783777,305.6788123558169,309.64554265540363,313.7823122298438,309.6915069124542,305.9698575432971,303.3895310965553,300.9503043872723,297.6648182560171,295.4933766234087,301.0997661933263,303.4167959602124,305.79047535180246,312.37606541422457,305.842428657982,303.4518533677927,301.13671975646105,202.6891919990835,208.9083720357982,215.24004901533945,221.57936485754325,227.11235128532564,231.63149791645284,234.3483882434453,235.59682700454525,236.04890303298166,235.54377984939273,234.41527575213195,231.74418244081815,227.17494475878775,221.5485472447425,215.39887407820137,208.8493177513685,202.1808166488167,191.06232548243764,188.02134397688454,186.8332431907446,187.18124084541307,188.56384560709355,188.47340418519119,186.9196934199067,186.40297182117456,187.6031998667959,190.8918929643583,193.51350090973744,196.71555845661754,199.60658547207512,202.62792967654102,209.92900544818224,210.29615449995202,210.35528110497498,210.1178977976899,209.55725951870372,197.44213181679004,195.36231811581712,195.0700502583072,196.77476642230792,198.15900743741076,198.46578461394245,196.35049314194094,194.3667076286993,194.60179023711146,196.5905342310281,197.69086041714198,197.56283940696954,220.94228371148665,218.00673207078793,216.2555928659732,216.65019662295734,216.14307558297978,217.68787961520124,220.27918071196945,221.17112414869348,221.5038305179256,221.62291541479394,221.59598955391772,221.5009828945662,220.6712170878931,218.62834564996217,218.61632687137063,218.4455191902138,220.05425462687256,219.17608374312653,219.2875794977402,219.30906775401107,10.306741495459693,0.6797444739399299,2.7632360167145684,0.3833157,0.29828086,0.2500448,0.39912432,0.11451657,0.0,0.121195965,0.005232119,1.0,0.083944865,0.27247187,0.71037906,0.58945954,0.0,0.3407407,0.8255262,0.0050548874,0.27938637,0.32035175,0.103364095,0.84506696,0.00077787385,0.0033332945,0.0005473859,0.0067429696,0.015099013,0.12843245,P16_T11.mp4,42,00:04
43,275.0059895833333,173.83709891183037,53.0127976190476,63.307376534598205,0.9951971173286438,279.1707715218358,279.3465488290987,279.8523168236732,280.8547592631709,282.7208783630815,286.00861371299914,291.24972684504337,297.62632354976057,304.4654313438756,311.50851403373485,318.0960294700687,323.60842991530774,327.11446252997143,329.09421873783936,330.6697970585433,332.0910442686914,333.1187048092207,282.53651918106334,285.255206388825,289.5198921273747,294.2099925253357,298.45493802750747,309.5019333826274,313.996965650518,319.09867680592964,323.994001854249,327.4197558473406,303.7182048713257,303.559273214799,303.3962572152944,303.1901473220843,298.88950396979976,301.1817735447913,303.6665211786964,306.33559856199287,308.804869162307,287.0425366108883,289.96377462806765,293.36301661657325,296.8179541911433,293.5674782826835,290.17352284675763,311.4749563111069,314.7717818146038,318.2950710047546,321.65274053995466,318.2851771140594,314.76898345101125,294.25881219697425,297.6962984879108,301.25561321324284,303.4967492593211,305.78795699570026,309.78539674711715,313.9648523906506,309.8326474333434,306.09018479178764,303.51353038468335,301.0799909932826,297.7627981120525,295.5659310007027,301.2298687210014,303.54420370988663,305.908454169746,312.5475219839127,305.95745270119346,303.5755154966863,301.26256384125986,202.97794448518343,209.1655565573813,215.45007442123497,221.7282303096073,227.19350685532004,231.63374010023892,234.29432730273288,235.53142588734678,235.9841494963154,235.48374050386343,234.3858446596393,231.77028031992907,227.26285012401857,221.68052681373823,215.55977661339634,209.04086636604325,202.39764175935565,191.1660789297819,188.10877614303732,186.87723806083702,187.18414564458274,188.5635668280254,188.4886358883347,186.94552628306778,186.47090027167687,187.73130496860574,191.06658080292104,193.6035283324482,196.80633470576217,199.70512242085144,202.72582686821661,210.0065100978945,210.3718188053205,210.43252246603438,210.19140585933937,209.62321126336008,197.55136278749623,195.4415551221195,195.13977107948205,196.87128798497372,198.25777299884405,198.56890982465353,196.45643737452892,194.43806782437113,194.660404151131,196.6739512785929,197.77393004717388,197.65900922387925,220.96330803621677,218.04005501612696,216.29701863332244,216.68971779604144,216.1955756890458,217.7327376396545,220.29789068183172,221.21137074283234,221.54879090435819,221.6691522355111,221.64510804347836,221.54272325514467,220.6981427093926,218.66300335411373,218.65205441695082,218.48465974820022,220.08728891696506,219.2338921674677,219.3386723188118,219.3639119283015,11.107537473723808,0.5717416806485925,2.9360244767610744,0.45797315,0.28810197,0.17471386,0.3086281,0.112616226,0.0,0.31663823,0.02325846,1.0,0.09692234,0.42128125,0.56011355,0.552183,0.0,0.41126293,0.8451166,0.008426318,0.31861544,0.3598209,0.23970142,0.78787756,0.00080745533,0.0033485624,0.0009292801,0.0074486868,0.021306848,0.17828164,P16_T11.mp4,43,00:04
44,275.0275483630952,173.8974400111607,53.00109747023811,63.109758649553584,0.9956536293029785,278.9708128940472,279.1926267147783,279.7492252755914,280.7857380874457,282.67964858259035,285.9938128012386,291.2563450774153,297.6428989553637,304.48684805794534,311.52466955836366,318.0924522274398,323.58689605666024,327.0657070281483,328.99762846623946,330.522841955575,331.90707990720153,332.89930736935264,282.3376053921022,285.03428673458984,289.27861821302,293.96543755758444,298.2268746938594,309.4900374358553,313.97417990029624,319.03698065635564,323.8786740266893,327.26851029919925,303.6463845019553,303.5083294974632,303.3677827861152,303.18703021794624,298.8174385594495,301.12182277589415,303.6225552981653,306.2898688058627,308.75403146745856,286.916118996728,289.83668832534585,293.22314815450767,296.6837678603633,293.44264631288905,290.05981570893033,311.3985946082111,314.6962286991308,318.1945490130664,321.5379411336924,318.1906444361999,314.6918727260948,294.13035966208764,297.598644074902,301.1878642924787,303.4583554275334,305.78070746850653,309.79787156763484,313.9623397787692,309.84501538358165,306.0829578296689,303.4734726852513,301.00685217151226,297.6566823374006,295.43579512741667,301.15919837873207,303.50603189096023,305.9092334998597,312.5474520272309,305.93870515576896,303.51727616954344,301.17183070053665,202.8549224973681,209.05030332657375,215.3213607236028,221.59072087103434,227.05064643517002,231.48451690820926,234.13836978213098,235.36650139644541,235.78309943527566,235.24425879977227,234.1043841645263,231.46645654746598,226.94991286597548,221.36450368066934,215.2456886697411,208.7406184704991,202.11293101576322,191.13541176985225,188.06968471801457,186.78691836831982,187.04372442011373,188.3910404220527,188.32327682908135,186.7891166676655,186.3348857301807,187.60648679562186,190.91846399982876,193.47018397643032,196.67420301574916,199.58274489342958,202.61622194593448,209.79912894618548,210.17463639170248,210.2478347945551,209.99665539601452,209.426948290438,197.45310967609902,195.41296374937977,195.10126115242727,196.74427324314684,198.1202574158133,198.43888668698742,196.30157999175552,194.37280478496604,194.59487138755213,196.54728395475956,197.6177902836515,197.49801005308316,220.63203665824176,217.7315995987854,216.0219004949588,216.42250556750224,215.92253014219625,217.4527857267456,220.0344016716558,220.94247985988125,221.27753318068406,221.40029939691385,221.37459689902025,221.2544036409568,220.37952112703934,218.40414829366824,218.39795062426046,218.22636139833318,219.82479134636816,218.9548877322007,219.065895078214,219.0845241981309,11.313926559999214,0.8449676017001,3.308336216600451,0.50078183,0.33276254,0.17280725,0.29012758,0.1200526,0.0,0.46019867,0.003292773,1.0,0.09973145,0.42652887,0.5146028,0.56330913,0.0,0.36458844,0.7989324,0.0012609744,0.4981068,0.42128465,0.15438029,0.7803189,0.00056953175,0.0030636073,0.001413167,0.006728787,0.017044991,0.19086094,P16_T11.mp4,44,00:04
45,274.86170014880946,173.63209402901785,53.26322544642858,63.97110770089287,0.9952667951583862,279.4773478219407,279.7027678624522,280.28617021885157,281.3588817625664,283.2621084814178,286.5535105739697,291.77756716498874,298.1490646558027,305.00370575311393,312.0839155969676,318.7117708460684,324.26940480552514,327.82450844650356,329.86898301682635,331.5154333127194,332.97746067691793,334.0105237611263,282.7720672028735,285.4982674133114,289.78700653810256,294.5252931453407,298.82107636042474,310.26278375829435,314.8044626904475,319.94839647203617,324.8967017505584,328.3827874909345,304.32556964780537,304.15654350976826,303.9823744308483,303.76342882214215,299.3554114461012,301.6861245357744,304.2204367717685,306.9467079035442,309.46494158592407,287.31322680781113,290.280754028493,293.7072109382771,297.25026481518523,293.9431021711466,290.52026224959025,312.2814429616589,315.63682296425935,319.17606767899224,322.5889992033228,319.17345960398933,315.6353908107929,294.54102395562126,298.05195046650715,301.70658648562153,304.0187090336515,306.38584366196136,310.48381582700284,314.74067924213165,310.51820123690914,306.66715429222745,304.00660207495395,301.5002900406793,298.10313279454596,295.8512659302228,301.6685223172901,304.0583426225548,306.50588832121645,313.30987556884463,306.5453892185845,304.0831467885032,301.69393503407247,203.76141780271078,209.9868264888024,216.28372159560877,222.5739134921007,228.04573720839275,232.48422788183572,235.1341968052818,236.32445817861074,236.74223061393948,236.26086232867226,235.2076118288276,232.61942225395833,228.1138811750906,222.50606693746454,216.32516253473338,209.7151977650382,202.9961102221088,191.46342905012577,188.3994053421226,187.14086044720523,187.4333835121986,188.8190583367955,188.70150736328878,187.12173456385082,186.62795962003923,187.8926723835599,191.2522390328755,193.79437320609313,197.06504567794235,200.0380956118321,203.1202934845921,210.39517324955932,210.79201245131236,210.87342099596347,210.6265644091564,210.04956670711715,197.82182210794284,195.72852162822417,195.40924291660045,197.09802410001816,198.44215503516142,198.76386566233606,196.65485953797287,194.66941897411863,194.89472462537566,196.9114758159749,197.94942560913609,197.82650520402254,221.37047905222212,218.42047168976129,216.69573338808024,217.10887534638633,216.62558532164334,218.20552970496306,220.86588059714862,221.73468071187781,222.04868379108342,222.1529244309351,222.11382160817274,221.99136104786234,221.1168368948374,219.09640694581307,219.10162767138897,218.94938472477386,220.63974676768896,219.72922202848395,219.8194568480132,219.82719413718843,11.818101153060546,0.26425777678953083,2.948078147712634,0.5262473,0.34793082,0.28425422,0.3501532,0.11229775,0.0,0.3196354,0.029180352,1.0,0.09803019,0.32800892,0.5107421,0.5369724,0.0,0.3862859,0.7961257,0.017692432,0.33872584,0.40810817,0.15879987,0.661639,0.00092850317,0.0053981575,0.0013395045,0.015642922,0.027351769,0.28770018,P16_T11.mp4,45,00:04
46,275.0193638392857,173.738232421875,53.09920014880953,63.657610212053555,0.9953703284263611,279.4823676164283,279.69781798370906,280.2585130058695,281.3045996887104,283.1900180597719,286.48495531461583,291.7179236934645,298.0883547258713,304.919213651736,311.96559579523495,318.56649802718147,324.0930988620401,327.6005474277165,329.57608054775045,331.1483505360757,332.5576952619819,333.55816282581407,282.75441847741064,285.4476368547887,289.68747961949225,294.37448013045196,298.6242624152589,309.89922739070107,314.4159219878044,319.52737142389526,324.4309605889089,327.8877371805903,304.0655896347914,303.9243419056808,303.7762325839015,303.5850641500662,299.2357637292535,301.53911661024324,304.03863500400246,306.72559280412804,309.2031513694591,287.21760676645374,290.13920644885593,293.53226174697465,297.0438172513286,293.77275442326544,290.3799290590749,311.941637135233,315.2624658610198,318.7712484987943,322.14611397427757,318.76190088781294,315.2548074676098,294.5681027105702,298.0119073861844,301.5936724187083,303.8620730660407,306.1854848365474,310.2243903903282,314.42435896936723,310.2740561188157,306.4829874675862,303.873970439394,301.41009180450305,298.07432420310505,295.87060101022485,301.55666899228567,303.9007474974463,306.2968684738768,313.0099602501881,306.35323188173766,303.94030068624085,301.5964817104645,203.510393625872,209.70287401045374,215.96416155390077,222.22470238122457,227.6687318935566,232.09232373890782,234.73116388055746,235.92500815456484,236.3391350952368,235.84354324678176,234.79497623706203,232.20913928071886,227.69640136843913,222.08892753491943,215.92516384905153,209.35630666634367,202.68515392790349,191.29719122448753,188.24711539056983,186.99123448742404,187.27268499838746,188.64249247151395,188.51301918078514,186.96816141453164,186.5100738386794,187.79620585110928,191.12938498838506,193.6152871957635,196.85682058835684,199.8053703484009,202.8660823339272,210.13237237571073,210.5149369007359,210.58967681026303,210.34616995059685,209.78127009709632,197.63686119513585,195.55267177288104,195.23464583132176,196.89643069149002,198.2440916571575,198.5713786999034,196.44722630561571,194.487615540965,194.7216427483841,196.71512665083117,197.74635072327467,197.6187442228539,221.09393740703985,218.15242681240113,216.41916664917122,216.8305207232637,216.341230430385,217.92113604638476,220.55163482256052,221.45701446250814,221.7842172720328,221.89087929582706,221.85362999946145,221.72121992885783,220.83844666422561,218.8240660931965,218.82734891225036,218.675164523823,220.3256211540246,219.43498915751033,219.52367990972957,219.5329728829458,11.115059359922682,0.006168327242024651,3.190512246043442,0.5218831,0.29541364,0.3337764,0.3143194,0.12006457,0.0,0.26126376,0.004348317,1.0,0.09153023,0.275711,0.42424512,0.5268684,0.0,0.39247337,0.7836346,0.003111686,0.34445846,0.5136137,0.18105073,0.72677296,0.0007333038,0.0050141737,0.0008622065,0.012777615,0.021308724,0.23253103,P16_T11.mp4,46,00:04
47,275.0874069940476,173.72580217633927,53.10675223214281,64.03273577008929,0.9953749775886536,278.9210163107631,279.0001354335373,279.42285596808176,280.37680587982,282.2018401583845,285.42170678663905,290.5297449824309,296.7983152950141,303.61085877403104,310.61749714763835,317.16110888887346,322.6788238414001,326.31354031172515,328.391357325067,329.97101011356636,331.37380246530455,332.4013892659553,282.56453091914017,285.315923030997,289.63650955121693,294.3999547699661,298.6924041943386,309.01139040526664,313.4852916945093,318.57885486931536,323.4663694065244,326.92376744227187,303.4076451429171,303.26307813218665,303.1328281331952,302.9562058552985,298.3343598214298,300.65942924591667,303.2016514650579,305.91977690552426,308.4762016369505,286.8404443323534,289.7666450507542,293.0989776227913,296.5879614779433,293.38179356437576,290.05764770330586,311.00878758203584,314.2449360326616,317.63461909126187,320.9650830322083,317.59307410934093,314.20168271888565,293.75270538593486,297.179699236644,300.74825334241933,303.01556695227544,305.3388982750492,309.3272440193334,313.41520886865163,309.37675816325884,305.64032037792276,303.02652684002067,300.54164365749716,297.22923628046027,295.05761444436297,300.6480594501258,303.0067321743981,305.40697965044944,312.0803559129906,305.5169678260456,303.0883336453369,300.71977274820966,201.81446888361208,207.84913513140788,213.9791611045456,220.21330830125206,225.70459677977536,230.32445281313198,233.31503657456602,234.94963536109276,235.61232614150222,235.18527981758234,234.1058064443174,231.49821419684864,226.96135652777073,221.33577392953765,215.1146705106408,208.53740966983855,201.85268422140825,191.04374568648478,188.0517261018965,186.8510390265567,187.17996160831294,188.53707554783753,188.3504872374571,186.80121344411614,186.31183132740213,187.5088933500255,190.7616625414065,193.2028916620648,196.3637910714644,199.20739646366488,202.19658791173723,209.3974562892908,209.81729372758136,209.91838300560585,209.66426749718292,209.0993271907168,197.33994471733922,195.46687562779607,195.07576839252508,196.46433304209836,197.9155563729263,198.28291871140868,196.11264338889143,194.45144866916934,194.72918770495951,196.5416316235526,197.5391256776802,197.36783220437673,220.27162974318588,217.3625741730401,215.6376811170202,216.0468746860588,215.54349844606628,217.1386590406272,219.87724324354986,220.7657040475284,221.1264185477065,221.23723111937204,221.19285571094602,220.9651575165701,220.00722302382962,218.03901404789633,218.05072505206036,217.89227612751634,219.60139115876302,218.78061327208448,218.88048427591747,218.86637336319578,11.00730739988641,-0.09202546568421806,3.0962578039393227,0.51292187,0.28970498,0.33465472,0.30861554,0.12327468,0.0,0.3801403,0.0020485842,1.0,0.08678608,0.36192745,0.65084004,0.5798526,0.0,0.43508023,0.7985318,0.003666261,0.3461598,0.32469365,0.26194295,0.72884405,0.00037021693,0.0038022962,0.0007247307,0.007967793,0.023343768,0.23494726,P16_T11.mp4,47,00:04
47,409.7755580357143,269.0994349888393,15.470349702380872,19.773339843750023,0.5061360001564026,408.4494641258236,408.8834942493885,409.60861849667367,410.77229844906225,412.5204316495036,414.91279770828703,417.734387393863,420.68212057123225,423.3536559109091,425.54780011935895,427.0787227311152,428.23299759198244,428.88701492768047,429.2485537172578,429.38479601446573,429.21067170576924,428.73445161450917,412.0656360738693,413.4089624672619,415.1454619937812,416.88309013128315,418.3852529631768,422.05667823282334,423.16156858455656,424.50932668536,425.9601532748415,427.0764768235459,420.8041972448797,421.1802835188763,421.5749155019134,421.9962918880585,420.030813033332,421.1019355707549,422.17679185879683,423.1079454198902,423.93533748556194,413.9109503878412,415.2073078956063,416.4280314959461,417.7811964636497,416.61939187236743,415.385211212505,422.8595279596726,423.78050422173027,424.8510087102818,426.1478859731046,425.0101499303201,423.9465769235048,419.2723015950833,420.4024329495806,421.63895498222706,422.526954023382,423.2753390773762,424.4504649554313,425.4843405018308,424.7982581683927,423.93141280451357,423.04763686159663,422.054897629782,420.72096006346663,419.7117824288321,421.80630479642923,422.6803475303462,423.46036197784156,425.15496005375905,423.6817451035584,422.8768262565745,421.97756514868496,280.5190235638206,283.178923461701,285.8829806178489,288.4182142597397,290.34814469711455,291.49305689544485,291.9500029134338,291.7827337143018,291.439064598615,290.6326338654903,289.347626818177,287.66231927552326,285.67383966840407,283.5101736136812,281.28266042337356,279.0324569194084,276.9033952371364,275.54969566423046,274.6944369488158,274.4427192207689,274.60403846200154,274.9568121305708,274.51257005763307,273.9533970591549,273.48211676239276,273.46166351693284,274.1012790410577,276.5775802380458,277.89002893810925,279.0539153782215,280.2190676163656,282.8699881268672,282.8271702102043,282.6810249880591,282.4643132935145,282.1520501120116,277.9447368704744,277.24833722235235,277.069248722492,277.612473372919,278.0308662943176,278.18906134800585,276.9625765987469,276.2468166050857,276.1812878674229,276.5489031947027,277.0311559803814,277.13175793077164,286.85871431275336,285.500363108868,284.49623310906645,284.54484541068615,284.23023873495003,284.7214221146756,285.5518337097305,286.1933274235607,286.7740430316708,287.01500289074676,287.10940596652983,286.9878271262983,286.65650625934427,285.6428410524695,285.5557965768648,285.35128887250625,285.5125175985724,285.5861191576493,285.7617426237913,285.84272399753866,11.00730739988641,-0.09202546568421806,3.0962578039393227,0.33509794,0.55506265,0.2907333,0.3264084,0.26617,1.0,0.2548892,0.16285,1.0,0.11633141,0.51160353,0.436321,0.52029353,0.0,0.6509488,0.49969953,0.14896533,0.22068961,0.12967728,0.08631159,0.5601626,0.0016421574,0.032626104,0.15633021,0.09446227,0.014451936,0.14032471,P16_T11.mp4,47,00:04
48,274.94760044642857,173.60970284598216,53.19049479166665,64.06234654017857,0.9951916933059692,279.20099532546027,279.5182596587877,280.08841674851084,281.05427220139586,282.84230461109445,286.0471829903676,291.20979858120654,297.4831325928413,304.23983421214325,311.2459645231963,317.791782043063,323.19065967253607,326.59649962215985,328.50996003920017,330.0359950675705,331.4218454481388,332.42427977411677,282.33058757491347,284.9669423817198,289.18329327150997,293.83665241176857,298.081678058895,309.452802456924,313.84444372371604,318.82235960323067,323.5948509508022,326.90705576681034,303.5448447875702,303.3946024388488,303.2406485922937,303.04625774773734,298.47955291769995,300.7658539115531,303.27642559857077,305.95947654663854,308.4415979990284,286.96648663801807,289.84243237626856,293.15309302589407,296.57383395200515,293.4123594779521,290.1138322187751,311.2188110217621,314.4438460417388,317.8427853546498,321.09097828826935,317.75819069662134,314.36985435406444,293.950208208139,297.3467075548817,300.871512465311,303.1140361131126,305.4353259927151,309.3857938836921,313.4246229156842,309.4183038554563,305.66359685576685,303.0548445958115,300.58687723824625,297.32984315021946,295.20427063199156,300.7601423287759,303.097861313912,305.49819235108095,312.1035450454555,305.58271369557195,303.1432286473071,300.7920108070875,202.17290988311106,208.31634147057144,214.48284391184902,220.68864240920138,226.11096662437112,230.54334272541038,233.23510882024286,234.5562141830481,235.06733325568925,234.6703862713427,233.64813437977207,231.0063039681372,226.43637792454797,220.8227053766262,214.68449737870932,208.18262216035342,201.54799216300665,190.77873066860118,187.7869541232712,186.52962466490587,186.78880176609016,188.0547249456738,188.03758103315002,186.59577638616886,186.1966391598909,187.49156700772932,190.75291743027364,193.08285143415145,196.30391377681732,199.2232428008556,202.27462096108673,209.15519954820365,209.62129952675264,209.76102596494567,209.52665174990094,208.9807362395462,196.9387242423818,194.9793810061362,194.63708468186468,196.1568262012544,197.5195209592278,197.8540460485293,195.8704085388103,194.1173306491404,194.40955382733156,196.33913176737127,197.3010282892338,197.10764092372133,219.9501001612852,217.1272173868143,215.54516623373377,215.99332272399118,215.53766534243312,217.1027489936894,219.7239370624352,220.52821864296615,220.76731699908052,220.82181644998457,220.74237665005828,220.56077901778744,219.67436336482876,217.81087528775478,217.86937949064222,217.74008190315183,219.444076379497,218.55766530863443,218.61810773816825,218.56934965366597,10.84359165605761,-0.044591920572941125,2.760607784654254,0.5601918,0.36457875,0.19770259,0.2952558,0.11623055,0.0,0.31034043,0.0072403923,1.0,0.07987096,0.46329856,0.6227487,0.62437487,0.0,0.52214825,0.7607016,0.005873315,0.29939705,0.36698997,0.13741808,0.6495281,0.00042700418,0.0030760725,0.0003259667,0.015061316,0.017273989,0.3143075,P16_T11.mp4,48,00:04
48,409.7407738095238,269.0251883370536,15.576822916666686,19.998214285714255,0.5028055310249329,408.78599929975616,409.24376179302374,409.91363946859326,410.9450305452517,412.5043304918919,414.67483198468176,417.2414296240892,419.9522199582202,422.46754406171186,424.61013161561317,426.14658261222496,427.25511857569217,427.82115003338885,428.03051244216306,428.04568738337076,427.80175546011753,427.3112182263817,411.4138037750338,412.4734077407845,414.0523082359561,415.6838110935475,417.11398243193116,420.583469763015,421.7218177846074,423.080908348092,424.4882486162441,425.5592527404853,419.3748913296631,419.7476622084635,420.1242894018548,420.5137428463357,418.8529528814554,419.83758471331424,420.8350413658789,421.7155898937583,422.5174129607848,413.11930395999127,414.19532730081255,415.3171651179663,416.6649492130961,415.5979244164484,414.4526418944342,421.46179690493005,422.3075770949892,423.3364692912357,424.6184836263316,423.53697905497893,422.5106758533205,418.3502702592952,419.26271205365657,420.3342969137004,421.1610701644846,421.8693375519344,423.061403635272,424.15709046150954,423.48421219842777,422.6148893222213,421.76800058475567,420.84532010350904,419.63395671299526,418.79383369066886,420.53303443197694,421.3391929921508,422.07172540954184,423.7855597254208,422.33210960669174,421.5690313443116,420.7318120009984,280.27340670138597,282.69879256580555,285.15746489048,287.50350307711534,289.30734572087016,290.4129923091616,290.8812370121479,290.74880493261986,290.40720497650756,289.59745472273653,288.37925123712847,286.7218341171316,284.7406367617845,282.61430265843865,280.4492938392503,278.2423239975529,276.1603096195204,275.6391707558291,274.57970053095903,274.1537086487668,274.1602469328897,274.3949829190118,273.87525798965777,273.33868385491627,272.9309815745482,272.98717992171646,273.67864888240183,275.90944677180477,277.13342686218874,278.2127479527465,279.2888835786922,281.90836965726953,281.84131469743596,281.6897655390842,281.45794896619657,281.14978995178427,277.58297501917394,276.8443391543201,276.6128565760382,277.0379787849103,277.503699575769,277.7396406602008,276.301058665365,275.61072042303425,275.5315744293587,275.83172186438526,276.3075025441604,276.4383790813599,285.8293175684129,284.44328286622255,283.4546144914201,283.47229546495845,283.1448677510449,283.58544883229905,284.3489075767568,285.126414120027,285.7557271852238,286.018946402967,286.1350635254383,286.0150028349672,285.6383456035171,284.5577693512184,284.4387042078376,284.2215018657276,284.33855159840414,284.5750612603767,284.7816916361877,284.89782592326407,10.84359165605761,-0.044591920572941125,2.760607784654254,0.30947405,0.37003562,0.4306412,0.36565283,0.17281492,0.0,0.2070749,0.0008333629,0.0,0.08981774,0.332308,0.44725323,0.44493297,0.0,0.4278435,0.47355402,0.27821892,0.1964816,0.07160424,0.124919735,0.9075782,0.0013954252,0.0092651965,0.03246429,0.020473123,0.0044892807,0.024334408,P16_T11.mp4,48,00:04
49,275.2729352678571,173.76922433035713,52.96564360119049,63.72551618303572,0.9953813552856445,279.47734453904394,279.74432735056615,280.2712406017572,281.2261766470499,283.0495560517148,286.41574577878265,291.83878841534937,298.35395618380113,305.2689543514562,312.3501783708626,318.957898691694,324.39467231563094,327.8319634882534,329.80503686377614,331.4006391292388,332.79591255622717,333.77397819335704,282.9551210436392,285.7550562465738,290.1235362630953,294.8809803970308,299.15686000212946,310.1071526441424,314.5418217172929,319.59849426280044,324.4456672655718,327.85667242851343,304.31966795225327,304.23282430001666,304.15061613795615,304.0241816620525,299.617651427252,301.86261658471943,304.30611244804123,306.90896980893035,309.3297166737578,287.54649771646615,290.4656076342641,293.86694071249224,297.3156701964193,294.0863060551163,290.6945630175278,312.00939007784973,315.2232570051914,318.71033981467065,321.9936935146123,318.64978673011893,315.1949335676751,295.0728860439167,298.5217978480081,302.0315612859201,304.2008316691948,306.4302836596866,310.3301757850618,314.3814574588223,310.42749373073457,306.7821479026777,304.2730167802257,301.88008285645464,298.59853868414314,296.3645719905841,301.95656844435973,304.2098747493416,306.5077469394725,313.04250728857505,306.6442090244099,304.3244310665443,302.0630297462697,202.8854010019601,209.13943843616207,215.4620419261345,221.7766597929128,227.24204856662877,231.6964857035882,234.34000957711334,235.59498307970685,236.12465506288322,235.74475909463862,234.75293740111601,232.1187392039923,227.50824512244267,221.8964760468541,215.76150279591593,209.21856538744677,202.53838191733396,191.1821306395968,188.1507639176678,186.96665370491434,187.36253231455754,188.76452879760265,188.6973597700907,187.21724137566633,186.79057344828533,188.0874441246236,191.38626085349574,193.76942469546506,196.97252105910366,199.86237086954145,202.87608216256484,210.12421345533636,210.532077336777,210.61365649427088,210.43417140857449,209.92875712325164,197.52491925075384,195.39088907622667,195.11060372972028,196.8887814076634,198.26736798161875,198.56837857279626,196.61164792099652,194.6274370624401,194.9023621961175,196.97402975846282,198.00841409432968,197.85368808693852,221.1444782973866,218.3914438172044,216.77094117530922,217.2087557017321,216.72439027937196,218.25920244406942,220.7682378484352,221.64944134030293,221.9520928129587,222.03108758212434,221.95373825244107,221.7597769457032,220.88552441009753,219.06217691146136,219.09756069733828,218.95427072224973,220.5292753671562,219.6554239359119,219.7245278361669,219.69723906558272,10.84458168878838,-0.23390642161540476,2.9461904044198866,0.41671458,0.2872364,0.36212793,0.4286448,0.07601104,0.0,0.11642431,0.0009300396,1.0,0.05073807,0.24042067,0.60834146,0.55587214,0.0,0.45858794,0.7793332,0.0083626285,0.33446664,0.25499287,0.110450305,0.68704545,0.00053040276,0.002201854,0.00027232137,0.013575066,0.013354068,0.28302082,P16_T11.mp4,49,00:04
50,276.2795200892857,171.5025146484375,53.08949032738093,64.4399727957589,0.9956483244895935,279.7845255013602,280.1132838159394,280.6875115946659,281.6216805947864,283.4301774192233,286.76198378505234,292.0905758701146,298.56666942768265,305.4408606908759,312.4612758427247,318.9791186826708,324.39499801764185,327.78895011228786,329.7167363620444,331.202352634361,332.37879007449413,333.09966808418363,282.6721972583059,285.46125258273236,289.67037347358223,294.29152309301907,298.5271878254691,309.24640134448333,313.5439456298774,318.40048229403095,323.1272864508878,326.695172379614,303.62395570477224,303.54697441593606,303.4729337367442,303.39491539905237,299.17998242550453,301.40365945477316,303.83213980572714,306.4407693702366,308.9243492791711,287.07518406224284,289.9177511076241,293.2157208738442,296.71600273994295,293.4720977874006,290.17729217246693,311.6000782091982,314.65718300819043,318.0049887333101,321.33232080946505,318.0686681421569,314.74529528807784,295.00687017547807,298.3780094998513,301.75609935611084,303.97413714415745,306.2503579821156,310.16196338357935,314.1856391980506,310.36471334853036,306.76482178756385,304.2199223320675,301.79684846248136,298.570001811339,296.29258260581423,301.6957454172613,303.9899002867643,306.3483060942612,312.9230022570304,306.6113339478122,304.2471114485113,301.9548486170318,202.636062537766,208.75810761599354,215.0097607556551,221.3285455245765,226.76343742190235,231.12537552757712,233.70691737597534,234.9111892073959,235.29025591424227,234.69775533467805,233.38479617407273,230.506022296309,225.69803334592086,220.02984693801372,213.97490583440987,207.5794946778163,201.04076797846923,189.92184587127392,187.11565158609204,185.96719372408597,186.16081305000066,187.4108049086401,187.53749310140708,186.1921296208902,185.9378129777271,187.1654460630374,190.0839135618918,193.16388874498196,196.62923128285522,199.83481612790237,203.12762599992712,209.85104188226472,210.2983648402411,210.4265532970193,210.13907874510957,209.56402363185148,196.46521624494162,194.58437834915972,194.38701642915242,196.00807358657812,197.17254809202242,197.4285677998619,195.7647473567326,194.0119527308891,194.19055328482006,195.94837874989025,196.8616984589049,196.77331193720897,220.6979092017582,217.9251631990026,216.34911626646786,216.75019145458546,216.20181845610836,217.54177315070444,219.8078355189826,220.9233728412023,221.36015016459262,221.51594716646292,221.4593980446374,221.3408518376643,220.47447817807128,218.65389512535933,218.6488804180037,218.4187892361101,219.68249088062205,219.12757295158892,219.25407908466786,219.2511799569779,10.829073472638125,-0.2701528774045487,2.9858222279091327,0.68118984,0.4051183,0.21223232,0.34817985,0.06707968,0.0,0.11728037,0.00037731332,1.0,0.047045328,0.3712673,0.51112527,0.66003436,0.0,0.4156341,0.75672,0.007960447,0.25051737,0.18427135,0.08869189,0.66375566,0.0011408442,0.0009358798,0.00041546568,0.025252251,0.010694527,0.2978054,P16_T11.mp4,50,00:05
51,276.3190848214286,171.61527622767858,53.06034226190474,64.13291015625,0.995832622051239,279.89520900952846,280.195876750532,280.7446733879675,281.65377750864235,283.4239709753955,286.7154629595564,291.99039552326997,298.41143728184494,305.22738849155706,312.19166727001647,318.68462167244274,324.0898726807242,327.48462011139475,329.4234037051686,330.9406609494226,332.1586804945637,332.91924718469016,282.756107008861,285.559645076125,289.7671012536074,294.38349207254225,298.60023492142074,309.0945612126273,313.37988873296985,318.22916422471735,322.95243548007085,326.50505861804686,303.54812252397977,303.4478888580492,303.35114600808924,303.25116922217757,299.0514492616917,301.26096375319975,303.6691267742925,306.2528443525602,308.71911730363365,287.07755369471255,289.9057774730747,293.19498161956767,296.677561374544,293.4354534272231,290.1522997226029,311.4466785181766,314.4974544293071,317.83293596991206,321.14179373141945,317.8844450008367,314.5768532908508,294.84144492616514,298.1848438759228,301.56154777884,303.77994756671467,306.0587806725977,309.9649395236732,313.9795430269964,310.1427004967244,306.5433710667478,304.0055249204194,301.58753165146203,298.37723324861946,296.1212693451297,301.4952566789729,303.78989249315913,306.14784464485115,312.719225434464,306.40491273658216,304.0422725245459,301.75212293640345,202.5527999057308,208.6352646251618,214.8461418311637,221.12238124053593,226.5181322752628,230.8482945331828,233.40611310097754,234.58306395310345,234.95891153069815,234.3786058066636,233.11393960238334,230.2930162624143,225.5428093022261,219.92297632247573,213.91428203988954,207.56885016258008,201.07542328440482,189.82359222115383,187.00667116362152,185.86449315047724,186.09262554294097,187.38506231211724,187.54586691035206,186.20335229892765,185.9575525244525,187.19709494545955,190.12167854732502,193.01294572817292,196.44186278849506,199.61316818061766,202.87215222774907,209.63902329885767,210.07133860916963,210.19668229694378,209.9305637716911,209.3844047415922,196.2352899690428,194.33589388030364,194.1555319970615,195.82111681006285,196.94151048017915,197.1829478814769,195.66076404543261,193.9037299457171,194.09988306940434,195.88406158896993,196.76182978770132,196.65975209020675,220.50605268099946,217.66360646516452,216.0523403082941,216.45576120362747,215.90755172052087,217.2832267900942,219.6027799661098,220.67374028759676,221.09054646677006,221.24375704944734,221.19429388438718,221.10509688498118,220.2688239835821,218.37677420466804,218.3658063452914,218.14188036313644,219.46138586430013,218.87184622101617,218.99294221419274,218.99525872150568,10.727825493004111,-0.07812959728190319,2.861752485494275,0.7640399,0.49733788,0.27014062,0.3518238,0.06553811,1.0,0.11580797,0.0010684183,1.0,0.049105167,0.30391172,0.59884846,0.6398234,0.0,0.4631053,0.71349806,0.006384239,0.19744249,0.21193326,0.09016449,0.6712513,0.0011647512,0.0011724499,0.000390916,0.026976451,0.010418151,0.28862602,P16_T11.mp4,51,00:05
52,276.2426339285714,171.5536900111607,53.10368303571431,64.25212751116072,0.9957167506217957,279.93892544123474,280.2174782084667,280.7485952274766,281.6369072725296,283.39937095357413,286.68403207756427,291.9550131310326,298.36950265148687,305.2056541118056,312.19400038490755,318.7113731760016,324.1487404720891,327.5785903095151,329.54039463586525,331.05620294819903,332.26594421531274,333.0240413896315,282.74801281726315,285.5680907387748,289.78612100819635,294.4111760076289,298.6397188728243,309.2133313610044,313.4999887747715,318.3467205260057,323.0636016133757,326.6108708265487,303.5925646509077,303.4892585786018,303.39228533994674,303.2921594714771,299.07145911762075,301.28421001980894,303.6999424870849,306.290048471933,308.76622319477946,287.04344566343684,289.88530016858755,293.18992718212496,296.68935316981015,293.43209832555647,290.13319292152215,311.50395130047855,314.5661842805757,317.9122090920282,321.2267076053349,317.9587080839581,314.6401056370881,294.8639713158299,298.22290996077936,301.6045718974463,303.82768373828895,306.1109597966499,310.02445337905584,314.04569704693193,310.18831659868925,306.5740103430888,304.028758100209,301.60667901227134,298.4013828162445,296.1417468858226,301.53051267082543,303.8287637208056,306.193254464419,312.7869751259352,306.43862649220307,304.0687174533253,301.7752459004401,202.39598714050288,208.50201527151927,214.74683724077187,221.06621017336562,226.508857894609,230.88949217000626,233.50412065148785,234.73246519190974,235.1342876231597,234.55142795242637,233.2728251617826,230.43128546004633,225.65845668264333,220.01240919031636,213.97031602428595,207.59536305528184,201.0680360423534,189.81951720332893,187.0351223637346,185.9087097902038,186.1346720045449,187.41235106546165,187.56769621022437,186.24010127652187,186.00234657223294,187.2440300456531,190.16477612472787,193.0619418195773,196.5081522432131,199.69528864811414,202.96975197974493,209.7257687373278,210.16587769771078,210.29653719954493,210.04071002186558,209.50393113706627,196.24199859440643,194.35921222291321,194.18096225745686,195.85113224111265,196.9796266532819,197.21844985091178,195.69829403448966,193.94646588339901,194.14803657770972,195.93906120064952,196.82404483149958,196.71449554111334,220.57700107167224,217.7539405601465,216.15399931193014,216.56404339731753,216.01684153231494,217.39910426187646,219.71579084319944,220.76385642973474,221.17323414293102,221.32332873439466,221.2677532936546,221.1722828391823,220.33636258428035,218.48035058785962,218.4790913742019,218.2563438312242,219.57054468388503,218.95473405721796,219.0750027485408,219.0694465831679,10.742373947499553,-0.15426858010942457,2.807038160736935,0.76084095,0.45929605,0.22161467,0.3507515,0.06933292,1.0,0.11886439,0.0010367463,1.0,0.04600265,0.3759515,0.6567106,0.6126623,0.0,0.42231992,0.66544527,0.0038860084,0.23248257,0.17553258,0.07712021,0.68463427,0.0009948291,0.0011457573,0.0003919054,0.027839025,0.0097782435,0.27521592,P16_T11.mp4,52,00:05
53,276.34776785714286,171.64107840401786,52.94185267857142,64.38164062499999,0.9955195188522339,279.93745572286525,280.2721630324457,280.8482437024508,281.76840272228566,283.5598969515167,286.87841024799604,292.16899794955606,298.57450458915304,305.3919087408749,312.3619042809108,318.8712544797906,324.2990669056294,327.7077171759853,329.66104719810056,331.18935104187443,332.41764805459286,333.1914012634182,282.8620445637764,285.64104381819124,289.83300483743994,294.44510850275265,298.66686344358004,309.453147202347,313.7377203473808,318.56596578968555,323.2418431829648,326.7336677673166,303.7470632329104,303.63507124329783,303.5260770655783,303.41487712457644,299.2127368991995,301.4178140463201,303.82292951699213,306.40234633630007,308.8599027928976,287.22500289167147,290.0667696960211,293.35710310021284,296.8225483213864,293.5824040905,290.29514908454246,311.68398895398576,314.7495624476099,318.0879276136296,321.3751688047858,318.1128264905965,314.801077841845,295.02520582625044,298.35714250470846,301.71837577189655,303.92396176420016,306.18650388000395,310.0729897093294,314.0713201703863,310.2330387879056,306.644174433936,304.1255059010988,301.72027991201594,298.5329842036949,296.2800180476937,301.6515789049012,303.93336043405213,306.2765763848075,312.8231482634587,306.52354358854575,304.1739912489044,301.8952812105869,202.73659480589575,208.87318021994218,215.13360151329212,221.46172914805953,226.8868845271053,231.2157663450031,233.74425720160028,234.87925365093298,235.23023249403704,234.62486329393593,233.35453244564258,230.55610037066177,225.8420342615167,220.24726075149275,214.2473774017407,207.89239839808218,201.3774808342582,189.80041251906792,186.95311288677755,185.77831369228792,185.97070322082513,187.24181921032854,187.4742739652483,186.19260576998016,186.0038587440657,187.2954413617695,190.23730330930223,193.1209980357498,196.57258010376842,199.76099481099885,203.04055727507122,209.85959848075305,210.28264914250136,210.3927024549911,210.14525173320567,209.61125440181365,196.34372180213353,194.42530178303033,194.26147205381787,195.95399474370893,197.079967825293,197.30559576587885,195.79482750995217,194.03317785657143,194.24374305875173,196.0555726755703,196.93009565037806,196.81476278130563,220.8436825652527,218.0039948885063,216.38245955535345,216.7710054482626,216.22611284353903,217.5901126499208,219.89624967385217,220.9098923031906,221.31275033029863,221.468991128636,221.43429755751177,221.3729736543181,220.58965139309078,218.66352271483413,218.64274525360338,218.4101868876735,219.74787410241683,219.1587787383063,219.28623870049736,219.2970510850208,10.480763339941396,-0.25046353177757485,2.649956472380515,0.7651277,0.37521666,0.29798833,0.34459767,0.063399784,0.0,0.11930069,0.00040274506,0.0,0.037764292,0.32867047,0.46494466,0.6067517,0.0,0.4633995,0.73341775,0.012625282,0.33222353,0.18155791,0.14066571,0.6883679,0.0012216329,0.0012828782,0.00035001704,0.03129973,0.010980372,0.2664976,P16_T11.mp4,53,00:05
54,276.51058407738094,171.67213309151785,52.75504092261906,64.25993303571428,0.9956056475639343,279.90561078038996,280.2448492192943,280.8217241662661,281.74854676472955,283.55274113838294,286.87720475961055,292.1680429779898,298.5716005577945,305.37866104448483,312.33626180579887,318.8298273298517,324.2397446382365,327.6289438408746,329.55936903620136,331.04959963190237,332.2401837016722,332.98451993877865,282.8526493466279,285.600701090913,289.77851429866627,294.37438207298385,298.58351857849794,309.3082434372976,313.58772292308777,318.4149395647778,323.09718196465235,326.5934411195639,303.6419439025888,303.53017741225125,303.42076419094576,303.31030302952445,299.1191331815227,301.3197821455369,303.7209852454492,306.2971254012787,308.7551792524755,287.21965366417675,290.0425561399159,293.3156201369528,296.7493889681144,293.53289765053296,290.2669049511637,311.58636872834126,314.63270766395544,317.9570494851257,321.21699354768595,317.9813451493904,314.68365226151684,295.0007078432292,298.3066394708292,301.6483619303682,303.84988187969793,306.1105506946014,309.987060436021,313.97758422355304,310.1626547526249,306.57975209278453,304.0653714603611,301.66933911759935,298.49505496705217,296.2641375397358,301.5819533217552,303.8587571970826,306.19898672867566,312.7245374074046,306.45265258390987,304.1047105807625,301.8308046275537,202.73813379456422,208.8563621004591,215.0986518081384,221.40223682013738,226.79614086815553,231.0936697435725,233.60822043645328,234.74351187642662,235.09384101489027,234.49451119319934,233.21948521198968,230.41482057124907,225.6967275884641,220.09699063602568,214.0935209652728,207.7367897622234,201.2259676979735,189.7708722426024,186.91806210750448,185.74601692570508,185.9386839333629,187.20840356867893,187.43150450386773,186.10684614835571,185.87848023333055,187.1454720069854,190.084948628155,193.0815035139237,196.5265468937877,199.71021194686315,202.9884030368791,209.7569333393978,210.1807010180849,210.29182403642153,210.03442144735317,209.49858852347091,196.3146331789584,194.39250187810111,194.2262195205968,195.92265531523284,197.04595289673125,197.27114281780885,195.71829550207192,193.94011348405718,194.1358094063481,195.9479920252705,196.83153883355538,196.7256302365408,220.71172701591095,217.8773339687261,216.26269725409733,216.65168986736128,216.10596585957865,217.4669551038875,219.77000114628245,220.80615653205132,221.20853336293519,221.35881624875856,221.32097090264517,221.2562238306632,220.45464156661447,218.54041807702606,218.52212049105603,218.29126571825572,219.61890472800073,219.05085683801346,219.17540084379857,219.18030501969156,10.444204793741873,-0.2372799881196307,2.480509136536328,0.7232492,0.42944488,0.2524019,0.34346968,0.06553811,0.0,0.11807849,9.193908e-05,0.0,0.042649284,0.3296887,0.40210634,0.60429883,0.0,0.47733852,0.65640956,0.024843445,0.27040428,0.17866285,0.122966945,0.67693,0.0012405472,0.0014001784,0.00041627654,0.0344714,0.012611283,0.27293032,P16_T11.mp4,54,00:05
55,276.48275669642857,171.67825404575893,52.72676711309521,64.19651576450892,0.9955164790153503,279.86119673274175,280.23041014474825,280.82829788477017,281.757585300137,283.5593792599125,286.8891783235181,292.18889846808366,298.59751697244707,305.4007088071658,312.3574032220694,318.85652628385,324.2652509154049,327.64177504312744,329.56424327669,331.05850403144433,332.25807454543997,333.0035404342418,282.7995287460505,285.557885923288,289.7458907046324,294.3533948197283,298.5706532747647,309.2608024516347,313.54794187667846,318.38467476667387,323.082196719769,326.5982302444122,303.62678182991056,303.5188678699188,303.41229468417254,303.304463374648,299.13221269068805,301.3270050302497,303.7213569228367,306.2900094673378,308.7410274385674,287.1974806370534,290.02303149619155,293.30075387792976,296.7412770174115,293.5231892435957,290.2509355677697,311.5694687682108,314.6179072747381,317.94579160252056,321.21423187762434,317.9704581752835,314.66848936065713,295.04841866923607,298.34831892633645,301.67402679181623,303.86316216606815,306.11285278261306,309.9726433753689,313.9476946363109,310.13668159427385,306.56412433345935,304.0611697269874,301.6777644296102,298.52147854263416,296.3075526199185,301.60641182211754,303.8710736524551,306.19716544253004,312.6948053875938,306.4430597657995,304.10735297137495,301.8450673419691,202.7004583986293,208.82276879711466,215.06391679233846,221.36513331043741,226.7565197106534,231.04999107982232,233.55647669792026,234.68349846849534,235.02666779995238,234.4176210989369,233.13240633416405,230.3160136059596,225.58534422382945,219.98316699043582,213.9867240700925,207.63227146773923,201.11773179798183,189.75068218238135,186.9006507140314,185.73375009303814,185.93490296340315,187.21148534604748,187.42957008295448,186.1017421148073,185.8643539021193,187.12374957928114,190.04967483912645,193.05487337623657,196.49545161602978,199.66992290163347,202.93889581308136,209.71150927078685,210.13118538470422,210.2376300030571,209.97690451262002,209.43857446966908,196.28722065148864,194.377280851244,194.20771193857632,195.88746559600986,197.0293874091419,197.2575738698163,195.683107724195,193.92108471006108,194.11773312996436,195.90842667282726,196.81188581719783,196.7066648849286,220.6842679451282,217.84949467135968,216.23191482786828,216.61803026041474,216.071605063372,217.42868440936476,219.72517355710858,220.76678525323015,221.16666658025602,221.3182613121566,221.28080228374998,221.21707418185542,220.42634797888292,218.51090044333873,218.49061893702932,218.2598037323291,219.57608129768673,219.0060502088766,219.13241818151437,219.1390531773525,10.420183772245448,-0.23731264280216302,2.255594070546339,0.7152194,0.43039975,0.29271704,0.34459767,0.063399784,0.0,0.123693526,0.00059049006,1.0,0.04679112,0.28743228,0.47878253,0.615551,0.0,0.45263126,0.64503896,0.029832926,0.25282463,0.16335316,0.105420046,0.66892487,0.0012444884,0.0013075109,0.0004436611,0.033419948,0.012987793,0.28167164,P16_T11.mp4,55,00:05
56,276.60902157738093,171.76602957589284,52.65943080357141,64.29207589285716,0.9952192902565002,279.3297785792626,279.7235102617807,280.3979855040634,281.43896569649024,283.3221087399285,286.6965060042284,292.07956082394213,298.5618108964193,305.37989373985147,312.3619761728655,318.8345325491311,324.1868324161587,327.51680560443816,329.377190534712,330.7392882097273,331.78789506020286,332.44289553803793,282.6797162751807,285.5725775706901,289.89060189855286,294.54247243344116,298.76390698802396,309.6397673867643,313.8020372850581,318.49224574466905,323.0104324832745,326.3192616415822,303.7947582784748,303.7134379161389,303.6439219741896,303.560486289151,299.2129693044323,301.45797508438784,303.8995863139762,306.5174729026136,308.99732088931705,287.03552555482037,289.9167905133178,293.2483570914157,296.6699720372619,293.4590915171443,290.1355907564823,311.5173600073718,314.5247418849622,317.8691820411171,321.07648490675064,317.89047322397255,314.5804990322888,295.08794288128877,298.4085396717622,301.79789364712843,303.99497357228506,306.25510390956487,310.08772375728137,313.95004549486026,310.2516612667404,306.67311006972835,304.11953848830825,301.6888740537063,298.4996158104323,296.39944065769737,301.718858753017,303.9973372154789,306.3350033268679,312.67841925213384,306.5176430481353,304.1406641241695,301.83662244669824,202.80650448081482,209.01669186403174,215.37399074416606,221.733000276573,227.16806904213502,231.44347191680222,233.87330171864215,234.8720283400826,235.19632110598894,234.63698379811967,233.4797551268605,230.7319877242776,226.0246405522472,220.3845372359348,214.27342053164597,207.78302646676346,201.19539193694348,190.2669703675687,187.41211935168928,186.27238347947596,186.51600887396773,187.72250617008922,187.80957009341566,186.42606167382695,186.01332312704596,187.11032258287338,190.03722103015386,193.30432774741467,196.57041359154508,199.56516331377838,202.6702110201107,209.64979415336623,210.01763037725485,210.0769927702312,209.8545757850978,209.35389729547978,196.72005427865045,194.60766543657118,194.4033528546563,196.27468917844416,197.45003604850464,197.69958204730014,195.86323592013147,193.832705468119,194.00091500973198,195.9810754895184,196.96485919547533,196.89095165965415,220.83494002314285,217.77298741835037,216.04233155061092,216.46357507421502,215.9497815838403,217.52595451489623,220.0966648087358,221.1435150216626,221.50716658542197,221.61138301675075,221.55149179309873,221.43406839046096,220.52007423884635,218.36856112382242,218.38277977120666,218.20274741509664,219.86769032322402,219.21425794330557,219.29169254980715,219.26453364571555,10.438737842232525,-0.1289952104639031,2.5131228210975056,0.6416042,0.38705167,0.22189128,0.35578647,0.067752846,0.0,0.11351304,0.00018103397,1.0,0.043629687,0.3152887,0.4726937,0.5637935,0.0,0.52165246,0.7134664,0.0233211,0.27118033,0.25171587,0.11421954,0.63213736,0.0015777096,0.0054719034,0.00088665076,0.035184596,0.040546846,0.28419492,P16_T11.mp4,56,00:05
57,276.791369047619,171.93758370535716,52.45561755952383,63.77272600446426,0.9957513809204102,280.14308909539704,280.57515334937887,281.2927589020861,282.3390712405242,284.2756123079541,287.69212531074413,293.0122393694026,299.3835920577802,306.11901819804416,313.0330223972477,319.54234089047117,325.0495833164084,328.5570251650716,330.65045720635214,332.29375394320385,333.56758339535446,334.380608473348,283.5874983629115,286.46839122340333,290.7029445423939,295.3261480331065,299.5391214594574,310.49741009968096,314.77882248379257,319.65647576124474,324.4187808406263,327.9496681866828,304.628618946139,304.49554066083726,304.369336376425,304.23664580849265,300.03328549221106,302.2152858647925,304.5909282564578,307.1385324241893,309.5818679878518,287.8287842799863,290.70793241231604,293.9869380290322,297.4477990568042,294.2257331568119,290.95091944906545,312.61703815098684,315.658521265171,319.0052611063118,322.3204042625414,319.01823823473285,315.70807610635416,295.7004526621627,299.0758128872324,302.45204433603794,304.6430101026129,306.8886508603367,310.7710290892991,314.8398035839193,310.84430767210534,307.239165607748,304.76124565473987,302.42061186083606,299.2642549321862,296.90425123464803,302.3647030161765,304.6166361987358,306.9380004393832,313.5389023366268,307.1666214072531,304.85144239899205,302.6139596708573,203.88199028113624,210.06172620351225,216.3722688435437,222.6968240454414,228.07367027799665,232.37010785051555,234.868823138663,235.971828879261,236.30806650471874,235.7048284532067,234.44036351587093,231.74732884358846,227.1330405716804,221.6065901711277,215.61886557419385,209.21217814932643,202.62755125883368,190.05478696644323,187.3183165453421,186.25189079819663,186.53268255914762,187.87493272353564,188.16789880988404,186.77025979824947,186.45351979508897,187.69730799318657,190.6681946164842,193.64139842123626,197.1262933645268,200.31463469545722,203.58012266012574,210.60540174433132,211.0160218067527,211.09068704932696,210.91547985081027,210.45302881817867,196.84992842365756,194.9273907953323,194.78268098895023,196.53078685349752,197.5971852323581,197.79862949332738,196.40991254256855,194.6380624101845,194.86393058473212,196.74458561440647,197.55434246304546,197.42838221250685,221.69604341030686,218.94786164396112,217.36408180399434,217.76257315482644,217.2493311468106,218.64194807816696,220.95703129743092,221.74532000726023,222.04001257624742,222.17793048659473,222.13259948404706,222.134433159135,221.416376029727,219.53000787058082,219.53647134719682,219.33437024739007,220.79073247564756,220.02218542198915,220.13197329684527,220.13923957648487,10.197512007580714,0.17762243277291567,2.8966640866947198,0.5142459,0.42087635,0.33438104,0.36919662,0.066022106,0.0,0.11540022,0.0010842739,1.0,0.04314192,0.2908617,0.48266748,0.5598283,0.0,0.38157803,0.805792,0.02613385,0.2309359,0.29470623,0.08754264,0.6605245,0.0013878711,0.001089577,0.00037915664,0.031865034,0.010543395,0.29421055,P16_T11.mp4,57,00:05
58,276.6391741071429,171.82095075334823,52.63668154761899,64.12421526227678,0.9956309795379639,279.7472989679084,280.23697203329573,280.935397175154,281.9019434716479,283.75183312860486,287.1310283641458,292.4640358025869,298.87266045360946,305.6755287148686,312.61169733754235,319.05845203328147,324.409234534969,327.7156623170366,329.5709743887847,331.0249566749083,332.1830808189153,332.87594365708316,282.8515609180727,285.58817305505073,289.76366635681603,294.3735261570336,298.60930010806936,309.48940921209123,313.69755625215686,318.45790210905005,323.08049638561994,326.5373162006768,303.81947362667205,303.73936544587946,303.6605552506109,303.58787723430265,299.2524840409208,301.47784352985786,303.91663449360846,306.47807362308544,308.92174464548503,287.2667251829326,290.1313402492391,293.38999023906365,296.8115649312932,293.60004603421027,290.34833086457115,311.7174265901138,314.7639270378243,318.04966502236783,321.28696934212434,318.0438172077274,314.7760675596701,295.2108162572574,298.52563049349766,301.8732704625864,304.0897114608815,306.3663688971491,310.18174918683235,314.0751095114313,310.28717037860605,306.72540178346804,304.1967471081481,301.78873170223085,298.6600041008933,296.4249578789989,301.7619303650923,304.05663805588347,306.4182011742095,312.83672583142925,306.6406612161759,304.2679895432936,301.97766886011317,202.77652253581036,208.95917616282156,215.2542408400473,221.61883259345737,227.03509227303314,231.2988187780504,233.73504587640178,234.7898081766928,235.10243464063345,234.46133528170674,233.13025341998022,230.2673835250233,225.52170536320483,219.93589575122542,213.96253885008795,207.62981883309882,201.12382233516067,189.60739302739282,186.7842790989486,185.62220366685318,185.82062575075625,187.07889658705722,187.43827346247272,186.13623804005454,185.89142100007635,187.1389983619975,190.03987446559623,193.03167147392088,196.49486196704487,199.6695717375418,202.94232528032276,209.69831241425044,210.12551017993164,210.2269456847072,209.98395637346175,209.47114201492263,196.16517135065723,194.35825166500456,194.21254247024896,195.8492334183476,196.95198678412146,197.1494755109427,195.74228491498548,194.1067658230756,194.3244558829039,196.07536726386462,196.9307901759952,196.7947562478938,220.7487236401669,217.84069485662164,216.21316319153246,216.61262167647197,216.06765121719218,217.4788275001475,219.87987598023028,220.7782470776891,221.09210272933456,221.2328860002283,221.1847871514952,221.1655742138254,220.4596443765119,218.47522631706588,218.47532722053418,218.24912457719788,219.69473187545205,218.99504888013098,219.11667425161036,219.10900558801907,10.14370455059112,0.19134526437663965,2.8081980316698543,0.73659635,0.38826844,0.34201747,0.34459767,0.060966473,0.0,0.110158205,0.0013564206,1.0,0.03799894,0.2537313,0.64083594,0.63019353,0.0,0.41455293,0.6504473,0.014055861,0.18588185,0.21280766,0.1362794,0.68522877,0.0013819123,0.0009352502,0.0003343373,0.028684566,0.0091383215,0.2742969,P16_T11.mp4,58,00:05
59,276.92449776785713,172.17532784598214,52.235621279761915,63.30391322544642,0.9950775504112244,280.03762072618395,280.4333705511561,281.1294503173262,282.1651923145004,284.04315039505144,287.3963053574495,292.64258329769996,298.97879366048204,305.7509634087306,312.7243484898532,319.2605154435671,324.7445190247875,328.1844479438426,330.14943920038957,331.67257581244587,332.86814973722096,333.6278638892012,283.33792663840575,286.2367708445042,290.41784520796824,294.9775745035892,299.14999841208737,309.8999353248207,314.13276299907244,318.9585622686056,323.6745747903987,327.2411068873134,304.2245893848446,304.0910540706057,303.9585284666298,303.818196851473,299.5994598424155,301.77018522485184,304.15818395562223,306.69542284389195,309.13188540336006,287.46201123404575,290.3077233994234,293.5658297616416,297.0986203299483,293.86402029432276,290.6133599793128,312.2373149709059,315.27714053845153,318.5689499425637,321.8873785692586,318.6081158339297,315.33620632491045,295.3714316877994,298.67813545025246,302.0227191950371,304.2077095648432,306.4471790103621,310.3158272847919,314.3763250370332,310.42373497531617,306.83718525924206,304.36828519159513,302.0234911932426,298.8914016524756,296.59461190617657,301.9528454337006,304.19896628897874,306.5120132760812,313.0675956450757,306.7455597126891,304.43959428097355,302.2069573591623,203.4387987347511,209.5688131310751,215.82099341352006,222.10759892972865,227.4996600149863,231.81525223585993,234.3476372703095,235.49544239116418,235.8245400191591,235.20369045935274,233.89216738473942,231.11664593010806,226.45945921879212,220.92099920110243,214.95307273300048,208.6065003884391,202.11286578160917,189.81095665229185,187.25640779839296,186.29042749829955,186.57574082924137,187.8931274679378,188.13544434750253,186.72761393076723,186.3803460458877,187.50440486416795,190.28787948506334,193.3351443080441,196.81024555590054,200.01316423408238,203.30014015969363,210.19306763311351,210.64126126580206,210.75227958839204,210.54368612604048,210.05037700877725,196.56514857722613,194.88427756348517,194.70708699588147,196.1559850004422,197.28756231151007,197.52210034698615,196.11608106973597,194.61309338445176,194.85259394211712,196.53361211094125,197.33209596752513,197.17958896717948,221.2111754415618,218.49015117403817,216.91748442491215,217.32986277428225,216.78821887200948,218.14791372907862,220.39863940649764,221.27669341243652,221.6326638225421,221.79126530725526,221.7405941523099,221.6951436069305,220.95410683089068,219.0883343231881,219.0940529961124,218.87656683888886,220.26589193793478,219.58207358607905,219.70445680893823,219.70636303324636,9.6072576677916,0.5136697156389289,2.058803157249574,0.58735436,0.34353405,0.3333399,0.33546117,0.063869074,0.0,0.113618076,0.0024532685,1.0,0.0317688,0.34207612,0.55998033,0.49783787,0.0,0.47758687,0.75311464,0.02566552,0.291854,0.16256244,0.12266426,0.48537427,0.0013246975,0.0012902771,0.00037382595,0.040187597,0.024361247,0.44708803,P16_T11.mp4,59,00:05
60,275.3156808035714,174.19741908482143,53.36028645833335,64.22919224330357,0.9952308535575867,279.4704480626269,279.65733204741855,280.0921856830835,280.92446424491806,282.67045399276554,285.9467759463646,291.2193899173282,297.6536502699543,304.5857082093913,311.72251057307386,318.258992683346,323.61449673445014,327.02425458134417,328.96709276467476,330.50325364576736,331.8876920978447,332.94679973380323,282.90987415413366,285.7742586413445,290.06213772519374,294.7541765829367,299.03103688624964,309.3391830279899,313.70269821888536,318.70538077939517,323.48765557096954,326.92639715203234,303.8883620460674,303.83102855384584,303.77663064668275,303.66463738759796,298.9735839492526,301.29650919019156,303.8258189240238,306.47010114528257,308.9549659375685,286.8614840368497,289.7175303599273,293.171223211057,296.79636984930227,293.5058546405575,290.05621831776364,311.4253733179938,314.589203560272,318.0473319471982,321.38276298554626,318.04377616811325,314.5883398826648,294.4323211503808,297.83550494059466,301.3491958212447,303.6040145700214,305.8972899424669,309.7941619598127,313.77730985728044,309.84065813567605,306.18081968120396,303.6479794354509,301.19285179822504,297.9326985325967,295.7316620909865,301.3047370976089,303.6291163489876,305.9761234942716,312.43859578405574,306.05164015654225,303.67440429500687,301.33327061685475,202.21089919673628,208.37578861054732,214.6711438773712,221.05818219742156,226.65800594270263,231.23650335330967,234.0266138633176,235.49279388807912,236.0202712045773,235.59546126661823,234.48283318319326,231.7069779477337,226.9620388365507,221.28898166182216,215.14301965089197,208.60515473764238,201.97650030996743,190.68733814825646,187.93023114851454,186.84865640969463,187.12709366637026,188.39482079073213,188.52609749000916,187.110860661982,186.6777883613819,187.8862731741297,190.94333356923474,193.52828389529788,196.63781270503932,199.47241869092161,202.46942592814838,209.5345637235689,210.01144698959942,210.17483825437125,209.97922905843356,209.44983603149817,197.60350993255702,195.91687849557667,195.5604552855992,196.77206174161344,198.50532258132208,198.87947874642575,196.80691894291402,195.41896605802017,195.7829809022842,197.48688589140824,198.65685665511444,198.41175138183738,220.89884746098556,217.82346607493668,216.12354640668624,216.5426643416916,216.0593769980844,217.6682981235524,220.45652967536174,221.21584930103091,221.38572733591627,221.45771578328103,221.41489942530785,221.36724095989865,220.5548051613877,218.4036690717415,218.42947373727102,218.28927772908787,220.15772938148484,219.18683171220474,219.25903148494143,219.2382297178918,8.64357925990096,1.0450281190174793,2.517924959992614,0.7146262,0.4259889,0.2901937,0.321423,0.066750005,0.0,0.22867271,0.004396398,1.0,0.04613409,0.3020089,0.5393831,0.4828093,0.0,0.45731273,0.7260699,0.014050964,0.26608285,0.2069154,0.23257712,0.5376014,0.0003941833,0.0026889145,0.00019360008,0.020020055,0.041314803,0.39778703,P16_T11.mp4,60,00:06
61,276.6157738095238,172.1549560546875,52.4892857142857,63.84775739397324,0.9954921007156372,279.70650027513017,280.04684740618507,280.6966282129225,281.7899292514475,283.75628965614044,287.1050307815271,292.33644323899324,298.7017950791132,305.57596707322296,312.67242778424713,319.3389611873551,324.96153155001446,328.5253299476825,330.5420467351396,331.9710961900081,333.09873117776715,333.88743130112914,283.0509315325835,286.06244918219085,290.4485018803229,295.20264584213174,299.51387923294146,309.9545188886207,314.3418479926732,319.3125151527042,324.1066866561665,327.65158328601893,304.27358549317967,304.14835614381036,304.03335630879394,303.89848655549645,299.6278195825427,301.8455508937833,304.28565997351416,306.88332640801826,309.3860821296662,287.14164467944005,290.037049349333,293.37841061079354,297.04543348510333,293.744558723418,290.40161736732966,312.18222854310295,315.2529871826949,318.6061808868735,322.02029043567467,318.6563968421527,315.32117785605146,295.3811463008437,298.7223637097586,302.1328929285362,304.359116106714,306.6421427734095,310.5932561582671,314.6244702939066,310.70560727974566,307.01638772931415,304.4663524710161,302.0694904899114,298.87586350939677,296.72141361797276,302.08045296723475,304.36054093192746,306.70847934728954,313.2739323616972,306.89146435202593,304.5216877502192,302.23258274262923,204.02694635633384,210.1809331395091,216.51113929103062,222.8590781230131,228.2893929835537,232.6177197101774,235.14970261569096,236.29548585793154,236.58464774155482,235.9338679588063,234.68973524285778,231.95762376257167,227.2956778656166,221.7178433612616,215.64326089987756,209.14414445935,202.52541576885227,190.81324747909792,188.09366715389422,187.04378560871277,187.33427641585246,188.66681222949958,188.70517975844447,187.20085432150574,186.72842201142868,187.8263754239479,190.78437193478817,193.964138836704,197.21708330022346,200.18523625745703,203.27139396954817,210.55918313295288,210.91793768140877,210.96634977143376,210.75264425640609,210.2586454813594,197.7099518052691,196.04473072115,195.74062872314914,196.98007367281042,198.3433482637388,198.68527663110825,196.7452081333388,195.29325415648935,195.54087690504358,197.12999999254626,198.04131956909336,197.9107242914362,222.01326168893112,218.9795941723637,217.2112216795625,217.59910751018697,217.028921686948,218.5206040834911,220.99830662846915,222.03242376135304,222.4434447347062,222.6150402712299,222.6060163782114,222.53213553749598,221.7063579913519,219.58974816953898,219.56492333024306,219.3272697914355,220.80544831568315,220.1629937135889,220.29499098272214,220.31490200173062,8.708205104267456,0.4837234535257226,2.362049385409976,0.5830122,0.28309327,0.23635764,0.28251922,0.0646533,0.0,0.16751362,0.004666292,1.0,0.046782274,0.25644827,0.32125774,0.53403765,0.0,0.472877,0.74862784,0.016518971,0.17064194,0.451357,0.1894258,0.33723408,0.0008507421,0.0032910886,0.0006624787,0.05083591,0.059995573,0.5471301,P16_T11.mp4,61,00:06
62,276.413634672619,171.91448102678572,52.615159970238096,63.841427176339266,0.9953914880752563,280.17944871255935,280.43508587226404,280.9836748104417,281.9094522486917,283.75128890848237,287.0762181338849,292.3427518505481,298.7144978391028,305.53350097842826,312.5775813501348,319.2349193916692,324.871311563827,328.494963222638,330.6316832035625,332.2362517656793,333.48025199888207,334.3029567498682,283.41694252692076,286.4274983438081,290.6886732380754,295.3143137937888,299.5342390648244,310.08943476229877,314.4133505458342,319.3475607494907,324.18058642874456,327.85333945453516,304.3683378233343,304.21817978820377,304.07286202546226,303.90753019302184,299.6539376311148,301.84097817970564,304.2207414795342,306.77431393792585,309.2526795225005,287.3914294574787,290.2747523218099,293.6334607123042,297.21785365237554,293.89938345083544,290.5505610883808,312.31664043912843,315.41750158328017,318.821445972285,322.19710673187745,318.84416328845015,315.47312361910076,295.26145664941305,298.6370945775319,302.0194107116592,304.20360417550046,306.4543673667214,310.3811935962796,314.5312431425681,310.45128622002534,306.8004925054786,304.326063066941,301.99595593889893,298.84190659400525,296.52230194378825,301.9449778247949,304.183334393298,306.49049132414495,313.2075610667359,306.72376048922956,304.42765855786723,302.2047109508514,203.5186157776793,209.64853308172198,215.936750124357,222.28101386822027,227.74285485892506,232.14369444308718,234.7769761418766,236.0478855497851,236.48190729534886,235.8982206744829,234.6280281748433,231.88562573145126,227.20235625339373,221.6223623871567,215.57731423653013,209.1440671077201,202.54850418412335,190.1298104663441,187.62895131404497,186.6803903483566,186.9388038152429,188.2300903132794,188.31386812226066,186.8744373250592,186.50824332106666,187.63476192405906,190.46369793528774,193.73694583720146,197.22214287421485,200.4340974022824,203.73876141177723,210.73328378703346,211.17413670947826,211.28407025453868,211.10090704126915,210.62024059527786,197.01153851290624,195.229882192627,195.0485500635348,196.62240344430793,197.85602677279002,198.10297655681546,196.54044073747255,194.84378827630326,195.08208036556508,196.848935041553,197.793299582406,197.66442961319748,221.75081225725222,219.06668486690532,217.51135466060936,217.91992844577348,217.38773593031337,218.76924556230944,221.02679426746425,221.89901591824835,222.22907683222786,222.36513414930454,222.30598236767574,222.26210484184043,221.49376639563056,219.6777509908318,219.69836781143192,219.4883091223408,220.8755540204883,220.19387471521955,220.30033331000828,220.28591751761968,8.73414741324437,0.41356627311211913,2.2796234131443422,0.57729906,0.29839602,0.26826334,0.38448784,0.06687337,0.0,0.10438678,0.0036640828,1.0,0.04539577,0.21634835,0.3735252,0.5504022,0.0,0.3994238,0.74802953,0.007178428,0.24319182,0.18638787,0.1262653,0.4482879,0.001171247,0.0018485598,0.00028505226,0.059231635,0.026451068,0.46272457,P16_T11.mp4,62,00:06
63,275.54847470238093,174.16006556919643,52.47719494047624,63.625341796875006,0.9948807954788208,278.99321929624665,279.3457420812866,279.9520685747142,280.89700593812694,282.67301525814617,286.02745466886887,291.45113330233187,298.03115056450633,305.0611570699174,312.2618450702865,319.0312500514403,324.55439409916386,328.00121781854523,329.87344666685425,331.3606972835444,332.72600816719796,333.7154333957062,282.96475931190895,285.98381439755127,290.5143794852872,295.43628942850904,299.89771589358554,310.0782341598927,314.6130406296473,319.7419909966235,324.6454199823584,328.1349669789836,304.4210906555816,304.31820073491645,304.2206125417746,304.07732482263333,299.4072742418041,301.71889342914204,304.23630838574707,306.89058072587926,309.39349670918875,287.33077857347075,290.2269416629999,293.68082373378786,297.2100608734127,293.96787245933416,290.5329036757453,311.9322368977031,315.1079625824989,318.59834693351394,321.88553176895465,318.55355302449067,315.0975411610152,294.8604831373434,298.3313079820106,301.8379729598194,304.09114117006754,306.42335062880403,310.3170394403963,314.3857899295572,310.36767662679296,306.64460332299217,304.0631034505214,301.62434747192236,298.38135811016645,296.2113360052531,301.74016177556285,304.0645415156694,306.44646889130917,312.98072291573726,306.5656963242566,304.1518266091436,301.81993798456193,202.8911704084741,209.18771590461589,215.57784940635185,222.01523427021206,227.62700135809817,232.19589816336966,234.93414258612887,236.2319690771271,236.70561585729925,236.3178343088097,235.2440001171232,232.48947279215074,227.68675387516367,221.90282854503934,215.623294085363,208.94994366458252,202.13998160558504,191.3644661597295,188.39240645151335,187.19334682097758,187.47315516155427,188.75628016691812,188.8477406552444,187.24766563618655,186.67646479416564,187.83827580686582,191.0394520591931,193.7408210329209,196.97908434829657,199.89441329659354,202.95390372513427,210.21564578254458,210.64760687678222,210.78265302635714,210.5862160576494,210.07628998836486,197.91675288399549,196.00427186406083,195.62452027112053,197.05334721575534,198.68672755058955,199.0678193656377,196.86853991630585,195.18143237534255,195.4932854492716,197.35468330058018,198.51643287695288,198.3292773445403,221.63316402476264,218.7207225838593,217.06582815729413,217.52192690198993,217.0096343963859,218.59763148853656,221.24899584249928,222.0562327794461,222.2548450492321,222.31891176174145,222.24876512822675,222.1340339242863,221.31998893208205,219.40352592795605,219.44765996531336,219.3098696597757,220.9646958237547,219.94389711065784,220.02006905510888,219.9726811678124,8.617877110266292,0.546006584025547,2.1686507970707787,0.64128906,0.31810817,0.24154933,0.33294928,0.07601104,0.0,0.22845869,0.0048362003,1.0,0.04299709,0.24692282,0.5146551,0.53039384,0.0,0.4190235,0.7544577,0.027287671,0.25869727,0.26724273,0.25069606,0.61249226,0.00054176856,0.0038707359,0.00019532873,0.019676406,0.0319476,0.3312759,P16_T11.mp4,63,00:06
64,275.34021577380946,174.15850655691963,52.53660714285718,63.55229840959822,0.9947104454040527,279.4013317168056,279.5778379319425,280.05425698033736,280.9494578203312,282.65215527571416,285.8645820280489,291.1202329991223,297.55465047692206,304.58501166636455,311.8307258933637,318.5971186970423,324.0971169084344,327.56790730372427,329.4540691738017,330.99478251630916,332.4715617893883,333.5089210441552,282.8987821417576,285.8077482086346,290.2750305105795,295.1721461296333,299.6313554200385,309.81352304543503,314.5152749671605,319.800115602424,324.8362156608525,328.4349241967596,304.21667142364066,304.03660599226754,303.8532949920661,303.617463960711,298.9882077735235,301.34192928912944,303.90256945439114,306.62752449641744,309.18316448561296,287.16867340225997,290.10289263107865,293.5916745689777,297.14253823835315,293.8714662391838,290.40121449922464,312.10372186973444,315.44911239489863,319.00521488510714,322.32844553906887,318.94600825486873,315.4065608965753,294.52074819260906,297.92551353575215,301.46341083946504,303.7552506306371,306.1306388182607,310.14966669990724,314.3425552489901,310.16378992448693,306.34235081851824,303.7135037060989,301.23580964335355,297.9722583635492,295.8566475050231,301.37014391898657,303.7448002626587,306.17887688045573,312.89914987834555,306.23928809856466,303.77952875824576,301.41213403390617,202.4120114595014,208.60548863512938,214.8661636314725,221.19828205257238,226.81060694648434,231.48082593969053,234.43366173312657,235.97344322463988,236.5710597224575,236.3003183709312,235.2566043469456,232.4573512341902,227.63644511680718,221.7618473513792,215.40952821897184,208.74523446495047,201.94991791553622,191.46108494638506,188.45457226287834,187.2404136008325,187.4687898242343,188.6871145420662,188.61807120182118,187.1033394559959,186.64197889238588,187.90370286566508,191.16910193780663,193.35376977342156,196.61197313764237,199.565361223253,202.66956143744216,209.9343945194726,210.37567369415856,210.52000604911674,210.2678835350151,209.7235052754587,197.75288376593298,195.8371572184605,195.41368776179942,196.8023184764461,198.46931808392733,198.87259592051018,196.4807935185456,194.79717968968075,195.12233204803655,197.01221904928326,198.183558021744,197.95175895054416,221.51247038849937,218.5446295212501,216.81981424159977,217.28450787711938,216.7587757286753,218.39232870388827,221.13577985174487,221.95647693194874,222.18963968753025,222.2586557540876,222.20388564370433,222.08639968860703,221.21567357405354,219.26379575362247,219.30086069511682,219.16741963275376,220.8476560699666,219.7755955933003,219.86435780970456,219.8267473944575,8.29772236759094,0.7551200778226633,2.5699077475486733,0.42761695,0.25799748,0.45548356,0.2901818,0.09863998,0.0,0.34922367,0.005631595,1.0,0.044734553,0.3426888,0.51540196,0.5160412,0.0,0.42246795,0.7474735,0.03665509,0.2873849,0.19621436,0.21422249,0.5336552,0.0010901417,0.013916512,0.00037125734,0.031317648,0.041147914,0.3785012,P16_T11.mp4,64,00:06
65,275.576171875,174.20658482142858,52.170814732142844,63.094335937500006,0.9949216246604919,279.15629666897865,279.3839433070405,279.90390584657365,280.81754760407773,282.5074281139898,285.67965856285934,290.87593992998524,297.2538749562197,304.1970748528133,311.3605157865438,318.0725896311126,323.54309484967433,327.0097735256928,328.92691256782905,330.5126047117722,332.0241415635769,333.10111269870237,282.66628750519067,285.57836293923833,289.97129004319595,294.78683507075004,299.1667651420057,309.3769339275772,314.0306929751432,319.24969658520473,324.22404910608594,327.8062163459503,303.8233018540259,303.6516823551983,303.4746925546641,303.2408001203316,298.69444710689993,301.02585528426505,303.55828874694583,306.2630163808114,308.7948112740035,286.93736065827943,289.8403878108801,293.2728251724451,296.78865339122643,293.5546892934519,290.14644085386004,311.6524435821774,314.9412163473706,318.45064984554824,321.77885145612925,318.4064148057758,314.91714475972043,294.12735525187736,297.5221395779045,301.06699224662435,303.36655543744035,305.74254388825904,309.78164708476913,313.9949962637986,309.813286736253,305.98861201503246,303.3643170595861,300.8816152984246,297.5899317394493,295.44560411439676,300.9841519581543,303.36683523467207,305.7986657975235,312.5754630598047,305.89529512537575,303.44268736163554,301.0679557419306,202.7702752875756,208.89704040041528,215.0833481693208,221.33092250626865,226.82992191388607,231.3834187824452,234.2045646290235,235.60501746695357,236.14786471233103,235.88146164480932,234.90926103440913,232.23807747834695,227.55524208296887,221.79646899707947,215.52651539444787,208.914180237291,202.1962938308749,191.2334389018091,188.29278127796348,187.12263089536788,187.35590055521678,188.56945786803595,188.49780495597847,187.03048396429728,186.59470992973408,187.84973364358868,191.06855710083718,193.2370420578528,196.44739939241072,199.35168337612512,202.40101740379453,209.70640353477893,210.12417239183426,210.25162454376795,210.02344087553544,209.49064376620908,197.62990823821963,195.69143240073097,195.2822695649821,196.6912968342086,198.29861910931166,198.68477539203462,196.38489855754756,194.68680464502526,195.00172319867983,196.89331946126984,198.01498820417194,197.80112834906308,221.20106048785482,218.20851627251932,216.47169752054714,216.92380020565685,216.42370778243856,218.06295401911584,220.83196732341176,221.62243511891324,221.83359628459303,221.8919836488632,221.84071757542768,221.74179120255965,220.90764796174926,218.9053873811323,218.93548363498277,218.81591544698324,220.54415976765895,219.46512625616376,219.5313705072166,219.5003175273478,8.247427447423055,0.7884223172207707,2.2552165854749804,0.46515712,0.31136405,0.50979584,0.2897077,0.11914043,0.0,0.3870506,0.013574179,1.0,0.062094484,0.36087957,0.6593875,0.5333468,0.0,0.40013653,0.7300544,0.005565748,0.35359487,0.22495049,0.22385897,0.741293,0.001360692,0.0124811735,0.00036572825,0.015802924,0.05226329,0.17643316,P16_T11.mp4,65,00:06
66,275.6048921130952,174.30751255580358,51.99726562500001,62.555085100446405,0.9953768253326416,279.44827085129145,279.62315736008924,280.1421177616946,281.12046341550416,282.9176687148318,286.0655028302612,291.1473659828092,297.3628639149847,304.0574999638645,310.9770942824844,317.50977451590256,322.9628089700874,326.42215422627385,328.4072706877906,330.02501675562513,331.4872992003962,332.5395175920344,282.419854918548,285.18703895246784,289.37776033117825,293.9973937027025,298.2164149552366,309.4237332240289,313.8600393417802,318.87514834926696,323.6595630493469,327.06759269242923,303.4304731942758,303.23476782177823,303.0278454083833,302.781898251986,298.4378474857557,300.6901371276096,303.1484185308814,305.81058430575735,308.3055593478003,286.4903611178285,289.44097083986503,292.8626425881313,296.41647362858197,293.1094778907664,289.68189560758776,311.305945527748,314.6291739837031,318.14052836768815,321.50236545782883,318.092827979572,314.58261006482826,294.09068037768856,297.3492016755032,300.77673026722164,303.0110891985067,305.28662724263535,309.2752852851006,313.4041093587554,309.31162545509204,305.57352308602617,303.0272190080141,300.61389972838725,297.4403160834945,295.3451030456549,300.72706790366345,303.03066868433314,305.37130314968874,312.028909988171,305.4551199933787,303.09247202933335,300.7875602821766,202.94485594460193,209.00524819678193,215.1580121319801,221.32347409751998,226.6832599081698,231.01243813991948,233.58333738100018,234.73150241204937,235.14679243397686,234.79123416154277,234.010900375876,231.61629704442373,227.2087740236381,221.71163650917188,215.66536511102942,209.224465954567,202.65408760464274,190.6157933174764,187.7929558478956,186.62769456105508,186.82308449622386,188.01806624343968,187.98643749908246,186.64297873006402,186.31846307021317,187.63793294223467,190.8260446014049,193.18960308312978,196.37190711601968,199.24621008736437,202.23452240019537,209.59080726192832,209.95194497193677,210.00067444637367,209.85633837844046,209.3708825665837,197.18057880696117,195.19768382961095,194.8824612666663,196.49601716345967,197.94532193486694,198.2717324558347,196.22298042823775,194.3861105626735,194.66992138424595,196.64548076584379,197.7318044204418,197.5411639423582,220.87304748916767,217.75903675653188,215.93887835796076,216.3547500373739,215.87863653959525,217.56828442123953,220.35150206746718,221.01530748730576,221.21697708617597,221.29542925813237,221.26678486410563,221.26206896418307,220.52104627597313,218.31055096161117,218.3250745016004,218.18896217565734,220.0483645573601,218.9588350751582,219.02887111072528,219.03211496978017,8.395005890698194,1.0436574176705264,2.4425331881514665,0.5677187,0.2851754,0.31541756,0.27731952,0.06962414,0.0,0.4152432,0.0014181533,1.0,0.043870423,0.35244772,0.45659903,0.5776129,0.0,0.3762761,0.71950513,0.0105766095,0.40678367,0.19134171,0.32497406,0.56477076,0.0005453837,0.009126833,0.00039736828,0.020964472,0.047575522,0.35661963,P16_T11.mp4,66,00:06
67,275.5505580357143,174.23642578125,52.044903273809496,62.60717075892856,0.9952542781829834,279.6202721875896,279.7806007549706,280.2902222359132,281.2618359234314,283.04327489858525,286.1740558625009,291.2397642028594,297.4371181297023,304.1373910703204,311.0793558502071,317.64846328837,323.1410382949927,326.62347768326424,328.6087155448419,330.1897365339972,331.60777125457633,332.6179439994932,282.451227736979,285.20489948506,289.4060309824537,294.03866612940993,298.2755635230895,309.40110374723497,313.84280534143824,318.8783408247573,323.69927197433344,327.1347683438539,303.4834980600095,303.28349652929495,303.07003408907315,302.8222924531497,298.4371459343368,300.7047740636786,303.17057893310806,305.84465622475574,308.3563920818156,286.54117015151576,289.4952263004918,292.913289762257,296.4682819302486,293.1527717017113,289.7292338680656,311.37244185395207,314.72123044210485,318.23323367753795,321.59186046202734,318.16313484938485,314.65225111740375,294.004722784744,297.27211003789176,300.72634017817876,302.9803887306473,305.28794059209594,309.30037978264767,313.43178636604125,309.3155602494574,305.55708265600856,302.98386366936245,300.55218574316507,297.3673641086124,295.25830020921103,300.67331601667615,302.9981216653277,305.36887173565106,312.05452396118545,305.4489341445274,303.05685081642184,300.73204292876346,202.97442027004837,209.0374539337081,215.18906271049354,221.3545040719324,226.71468660031644,231.046408175391,233.61447296814393,234.76135499661058,235.15750696616445,234.80984293012548,234.03959768703672,231.6504743260584,227.23979193350434,221.7178725023967,215.64246608658493,209.1908572527347,202.6140207627389,190.63992379002738,187.79552076517206,186.61841214350025,186.81607167299305,188.02019167395574,187.99365720313543,186.6298848148768,186.2871465940268,187.61078030551585,190.8208310698638,193.16815664995661,196.3492951181521,199.2246345014012,202.21640896068354,209.604088366953,209.9653476529136,210.01076366895612,209.86945994323918,209.39034828987505,197.1876218441734,195.2262629912278,194.9042870813994,196.48194284317782,197.92510369923465,198.25678346498538,196.1849855964957,194.3706779999898,194.65715893336773,196.614113659733,197.68315437417212,197.4888220089388,220.88111532021514,217.75903961514254,215.93799708586917,216.35830793991818,215.87684980731854,217.57517684619276,220.3984526019011,220.98187958692668,221.14757953187052,221.21903967622134,221.1925477465322,221.21333916464354,220.51966347966075,218.3066335336751,218.32392314498844,218.18986932362697,220.07420410006503,218.91056982194203,218.97812066023835,218.98183741169913,8.203911529849767,1.3475045912233636,3.1261643450786245,0.55097127,0.30563363,0.3264002,0.27731952,0.071538,0.0,0.40999174,0.0010020722,1.0,0.045508437,0.33928692,0.58257484,0.5781472,0.0,0.42026284,0.7184941,0.0105199395,0.39274183,0.25560424,0.25443858,0.5496646,0.0006695532,0.009620834,0.00046225896,0.024103194,0.054315254,0.36116415,P16_T11.mp4,67,00:06
68,275.60234375,174.33128487723215,52.14386160714287,62.87008928571427,0.9950997233390808,279.17725615401355,279.33133179469564,279.78757794719724,280.6479903405585,282.2946311008292,285.45735646934384,290.6552657648602,297.0542484895566,304.03552433332163,311.21964719467934,317.9598170830416,323.47207652519853,326.96574980004556,328.8590410938007,330.36238621323236,331.77378037352645,332.7595820736459,282.57306740087586,285.47548089915625,289.9161753052846,294.77819019334123,299.19133258819045,309.03810079613964,313.6429246064914,318.84427846552006,323.8204585995951,327.39144119024274,303.64493511385155,303.4750407874052,303.3028755672595,303.08364214047793,298.4670231733471,300.79795615434114,303.33258155493866,306.04048513843543,308.5915126870892,286.90160439076163,289.7793933070664,293.19596636820586,296.66451141732614,293.45054479395174,290.0698653437197,311.3667471445671,314.6234290535854,318.10923739164,321.37289836406705,318.04705537565053,314.5934127853811,293.9501773823638,297.3089550746498,300.8575300151908,303.17124467544255,305.57344099881396,309.6315954918521,313.85381193682554,309.6684469252506,305.83359098355686,303.1891869840771,300.7015848219235,297.41585570923985,295.2678330978858,300.7797755142887,303.1696662919011,305.63073047550665,312.43546119721873,305.72120198112515,303.2418852083598,300.86062157839535,202.30720764557165,208.44193478958948,214.63559724612958,220.90661398666245,226.44662330014364,231.06378188557923,233.95572678874646,235.41357309144524,235.9643435078753,235.69722345336206,234.74197763975175,232.0967282382612,227.42400695470826,221.64663753622347,215.33820276307208,208.70766982378706,201.99020212718952,191.165164391292,188.16308339211557,186.97141506030624,187.26132274614912,188.55398514052055,188.57105281781938,187.02962413652665,186.53653217165066,187.76918901052858,191.01973051292023,193.09287209084522,196.28790260854043,199.17624331111355,202.2186000715143,209.45962343470325,209.89302686983984,210.0383775570563,209.81347364125506,209.28723787041645,197.34983320941882,195.41462031860968,195.01655963402771,196.46570908838086,198.01739051746472,198.39342802998212,196.18777868049483,194.46738783682562,194.77433397064252,196.69296484062716,197.7695640657576,197.55767169633083,220.8936451600705,217.9149206398534,216.1935382475491,216.66315906457604,216.1504946941031,217.80703295344753,220.62419575320823,221.33879428697483,221.49699238666466,221.54312525490565,221.4837537509203,221.39502701115396,220.58082393196014,218.62144288632484,218.66184231007736,218.54711496165822,220.31814223800387,219.14598335632257,219.20267925287996,219.16341752438672,7.8831056390104255,1.3776690855737204,3.1754020347751086,0.40921673,0.3375619,0.3737445,0.27134365,0.118738994,0.0,0.42493656,0.0052609122,1.0,0.08033818,0.330481,0.6634247,0.5372309,0.0,0.5493195,0.7613683,0.013840133,0.22071464,0.40236917,0.146214,0.68695253,0.0011458821,0.013590172,0.00036782175,0.022005273,0.060886826,0.21505149,P16_T11.mp4,68,00:06
69,275.55580357142856,174.17447335379464,52.36968005952377,63.46650041852678,0.995162844657898,278.9592360815836,279.2021242488291,279.7372776188195,280.6556310119483,282.39025288533077,285.66590152000924,290.99169184099736,297.50460101587277,304.5260202303375,311.7296631648617,318.49219141777223,324.06278897026914,327.59111175157926,329.53647321003746,331.0349276131389,332.3588390927117,333.3152526030471,282.7860703871673,285.80954875725604,290.36976521693725,295.294438195693,299.7315417462049,309.74835358126893,314.2108827472473,319.2966731437752,324.18324855463203,327.6680604407011,304.1554490345921,304.04533038078307,303.9385073878969,303.7909198838718,299.04603973478413,301.34887826511465,303.87706555512807,306.5616446664665,309.0996077220409,287.13600461416667,290.06032716946646,293.5000938167793,297.01931494499,293.7642710002958,290.34722443964773,311.62689846517793,314.8033163836829,318.2544408045892,321.51035859877055,318.17629369331365,314.75499364191535,294.4309296391401,297.88678873544933,301.4235662942646,303.6866571564959,306.0479210365605,309.9804888603452,314.06166557067235,310.048853396843,306.3156866773215,303.70013032676985,301.2308722685324,297.9642957803473,295.7695512967024,301.3069062528664,303.64995547803744,306.0609266406154,312.69281779981185,306.2218011963223,303.78085132198925,301.4255886316491,202.60671360744539,208.85929507602538,215.2336752749356,221.6729518492623,227.31323946579067,231.95338024232768,234.79275100904715,236.18272550984526,236.71449810370314,236.32384879740462,235.26970032884898,232.5445746013088,227.77482265305298,222.00277215230244,215.6901424706552,208.99167532923582,202.17557896789617,191.33091390509216,188.35135952272935,187.18125463184302,187.53154344053183,188.8718447049005,188.95073175106643,187.33298667914974,186.73055938221617,187.85321538082206,191.03247955194217,193.6011113199056,196.7976186976583,199.679401805978,202.7088722868355,210.03827010664057,210.4828665677691,210.61256398956715,210.4453250859074,209.94817962912825,197.7370568305545,195.77487206716532,195.3883582251928,196.86335941595587,198.44237820229068,198.82856066237977,196.7099432223649,195.0162708438438,195.33718242159333,197.2337694602374,198.3421397220333,198.1384329230246,221.46277402457116,218.53467916317376,216.86073762514985,217.32283831288763,216.8097365914478,218.42834189441803,221.1380197788173,221.88658421660116,222.0842149245008,222.15710985989801,222.0862395316242,221.97226686111617,221.14851959109615,219.19521858586938,219.243663893539,219.1082875849442,220.8325083796912,219.79658591472378,219.8712694043959,219.82106731879634,8.297412952952598,0.8951391992993912,2.3596777990640354,0.3768928,0.29661298,0.32879472,0.3750652,0.07608296,0.0,0.11632796,0.007965348,1.0,0.04556743,0.34500533,0.6712507,0.5909846,0.0,0.5268146,0.7622191,0.010391266,0.27489653,0.37772807,0.15127479,0.6546462,0.00065967836,0.0037157268,0.00015016114,0.018060382,0.025784127,0.29698372,P16_T11.mp4,69,00:06
70,275.42429315476187,174.090966796875,52.701636904761926,64.07927594866072,0.9948636889457703,278.84922710785486,279.05585748210143,279.54135916933075,280.40473160023436,282.0651376768643,285.2738398498265,290.5269306829461,296.97484381175934,303.9442204001659,311.09893675608663,317.78415747856656,323.33349723307015,326.8890342865156,328.84598261617606,330.3426248428836,331.6795617379963,332.6591152716195,282.64210269228914,285.50732267382136,289.89420744649914,294.65637339440957,298.94823246354434,309.03467487687925,313.47249393998646,318.51206912595416,323.31053944842506,326.74065430645965,303.54282812508836,303.45315114078693,303.36231916312744,303.23380781881446,298.644359211005,300.8976550031495,303.35912459816484,305.95889548119493,308.4117622090154,286.8899643061034,289.7143447308219,293.1084118794866,296.57587839772583,293.3736638957888,289.99477436817665,310.96379794988565,314.0875920694554,317.51396236569025,320.73908881920255,317.4650722301723,314.0687546777822,294.0906168561957,297.46464120345235,300.92107111849225,303.13765462175525,305.45161964834716,309.29093673654717,313.2129000161467,309.2887229992775,305.6508055862372,303.0967852734462,300.6690259012427,297.4823969346791,295.4154125711278,300.8083378084457,303.10333940242253,305.463329997672,311.84907285900306,305.56071610430786,303.1720523406136,300.86440998599574,201.48401255038834,207.67188488293155,213.98577982409958,220.4094862171166,226.07229948574346,230.8074880887904,233.803779191582,235.39467712626043,235.98858204427026,235.58663977235557,234.48040821720997,231.72357657071052,226.96166270468385,221.14951612814994,214.8507598499252,208.18307944324417,201.41393149506476,190.9372204926842,187.97649356037644,186.79672284479352,187.15089789139955,188.49288100749337,188.4979363950884,186.96707061518765,186.50067444308974,187.76204062694782,190.9728144546634,193.31163704664215,196.4840692198461,199.35480521132453,202.3863534030326,209.61113248104894,210.03427254772978,210.16590512409374,209.97722870910076,209.47841366093158,197.28532982043149,195.37280977694732,195.03661962691694,196.50647700765404,198.05822433413954,198.41902684263354,196.33633319442035,194.6661944654259,195.00042983503081,196.88927709798153,197.9858401670603,197.77587199950815,220.81869761389598,217.82439566633215,216.11407508507503,216.5778049183394,216.0636357917991,217.72678497765446,220.53413383364844,221.26504296379863,221.49250332242642,221.56880621697056,221.51331153609956,221.37697190347077,220.50711982232917,218.54030821605537,218.5792617420483,218.44685000349833,220.22113063361198,219.11534824255006,219.19568903054045,219.1630054684913,8.337690495367351,0.6795157362268042,2.443006723454697,0.619989,0.3867779,0.35896724,0.36248854,0.07714868,0.0,0.12498908,0.0016882987,1.0,0.048122704,0.32639545,0.7740775,0.6159568,0.0,0.4279059,0.75979584,0.018511314,0.28941256,0.28510156,0.15489495,0.65514207,0.0005195811,0.0033370336,0.00012316312,0.017397895,0.029554535,0.29392576,P16_T11.mp4,70,00:07
71,276.3813058035714,171.98392508370534,52.57650669642857,64.54332798549109,0.9945861101150513,279.4920071487317,279.7288173673526,280.2866542796597,281.2693464007456,283.1092161258174,286.40679605415727,291.71541854959787,298.184866533864,305.05447953846067,312.1188349185079,318.6786762529189,324.172997403122,327.62509500079415,329.55296788387903,330.9346443557875,331.9595208866324,332.5715901158275,282.79801218695206,285.76373857834704,290.15555908259006,294.8753910428477,299.1383927711432,309.74938933121706,313.93211707422137,318.66119357285464,323.232930567408,326.55481520656605,303.9363174211202,303.7796334598364,303.6329534509422,303.4803504743896,299.1140361247161,301.3657171418724,303.8426209662523,306.49705224293524,309.0319577552812,287.03146139968607,289.9545521185873,293.2937855593512,296.8055767917134,293.54058126436735,290.19698061596125,311.70884368098257,314.795023752926,318.11847800159603,321.34936222104795,318.1293775547071,314.816984436598,295.00509387827043,298.32971148457875,301.72706895052073,303.9312300397019,306.1846861005563,310.0438526921624,313.96149185458813,310.16051161089075,306.55031740337404,303.9936174013044,301.57562471510784,298.40943841479,296.2925453062254,301.64614403893194,303.9192132939382,306.2501111182143,312.6849238219993,306.4050731255335,304.03969005697945,301.7448817102324,202.77592693367362,208.9814266125067,215.3736105685458,221.79041431143014,227.3417169034165,231.75249967551383,234.3071037872351,235.378011425268,235.72831595285112,235.1229314135776,233.94175870732838,231.15306118639154,226.3947345528527,220.6788076220514,214.52609991255423,208.00697609548334,201.39376803766513,190.38684671119233,187.61008514729437,186.55909077582004,186.87906259958424,188.16801669782203,188.2488515876888,186.8642251731975,186.45151020151903,187.55876122450204,190.51807760763995,193.54452249640627,196.83489260811282,199.86189840145477,203.00746511093365,209.99808115940797,210.42111862187699,210.519754730209,210.30696646186922,209.79390727738985,196.8995074302728,195.00036070950637,194.77876647015455,196.44571485436617,197.65930230528699,197.92057304155256,196.16785934700712,194.37363871386708,194.58019932564315,196.41584841690226,197.3861279274725,197.27029074548864,221.25156274947014,218.2559953113534,216.55212878812037,216.97677279208986,216.4767367500613,218.04223296181647,220.58195348216535,221.54682938116568,221.89831111588282,222.00053886009812,221.93399664978747,221.82724012048024,220.92221712537042,218.80173007267325,218.83297453495874,218.66700217856294,220.35517722317476,219.71120798889797,219.78413020022495,219.74676887734137,8.629289055361678,0.2692750902321571,2.4904810772220523,0.5803556,0.332709,0.19992396,0.3565408,0.063399784,0.0,0.10630137,0.0054469625,1.0,0.033028357,0.35496503,0.44253683,0.5462212,0.0,0.5901201,0.70668364,0.031739824,0.26732337,0.46547914,0.11776895,0.52644926,0.000920227,0.003387674,0.00033901233,0.032299686,0.036203418,0.40040076,P16_T11.mp4,71,00:07
72,276.52989211309523,172.07524762834822,52.54280133928569,64.50647670200891,0.9949666857719421,279.6689046644239,279.9638458410655,280.55704325473863,281.5530885602463,283.4061911696166,286.7136271511985,292.00730105889045,298.43970628473346,305.26164148756743,312.2778272331997,318.78680643226335,324.2346018114381,327.65357100433874,329.5528030135379,330.9156965467308,331.9474346945145,332.57434791027305,282.86183264667557,285.7428173680318,290.0734535443685,294.7606951730734,299.01922590226803,309.7586443271399,313.93148178337776,318.65003308474104,323.2163915092533,326.54667303226876,303.93814111458056,303.80191681672613,303.6710538273935,303.5329516873976,299.16890422391737,301.4149902865511,303.8808138698442,306.5167367313422,309.03662094454074,287.08602585577853,289.9682643943386,293.2951731836799,296.8077691865453,293.5637276792231,290.236844266127,311.70536221181817,314.7649714762856,318.08446578817893,321.3142942912829,318.1087208646843,314.80077505126786,295.0872505373153,298.3848197733947,301.7726592342844,303.97772805702226,306.22562967465024,310.08826329625145,313.98362766023973,310.18268599754157,306.56452712176304,304.02115834713925,301.60839418553377,298.4553219032293,296.3621761632129,301.688947615381,303.96237312177215,306.29053749589383,312.7097770643642,306.42225404983617,304.0596702595589,301.76682961869284,203.06564027038013,209.24111562789219,215.58254701485475,221.95087722168154,227.43755362229638,231.7808733073478,234.27850947433964,235.3146584749176,235.63378552012327,235.02237949708584,233.8649228169418,231.104707106675,226.37566849526857,220.68001179500874,214.54024312136104,208.03612231977883,201.444379650608,190.51104749491904,187.66943863178346,186.54220736655031,186.79876812586085,188.04348217843577,188.13888071169868,186.74655765492025,186.3360023053527,187.44687512018643,190.40348220557004,193.46872038259914,196.72278781368888,199.71624812783156,202.8354961822759,209.8769520542197,210.28018981745709,210.36494647627455,210.15475734458764,209.65515905770283,196.99863221238576,195.06018929055938,194.81502015839206,196.46606556918192,197.69577303314483,197.98317977190683,196.120955555869,194.32717799380814,194.52775875630684,196.3720050561181,197.3270723395633,197.21808136662287,221.1982962260531,218.1319968605902,216.39390862198752,216.8136224891246,216.31048075564362,217.90486101100257,220.50575081259845,221.45560673806133,221.7982921664963,221.9024408904749,221.84423239795225,221.75966490750776,220.86045073964857,218.68378716296456,218.70322998061602,218.53696943622364,220.27239547601644,219.5908033727432,219.66734735585598,219.64043469440352,9.091698593078268,0.18957379900584462,2.982507781502546,0.68478197,0.32746172,0.36363566,0.3585096,0.065241754,0.0,0.10820731,0.003371691,1.0,0.031662066,0.35182604,0.6557644,0.53046095,0.0,0.47641432,0.7321923,0.004049083,0.26633534,0.24558753,0.15394184,0.6025477,0.0011179012,0.0037886226,0.0003344245,0.035120077,0.03463347,0.32245782,P16_T11.mp4,72,00:07
73,276.3982700892857,171.96565638950892,52.63588169642861,64.72205984933035,0.9949249029159546,279.56613186006354,279.81765697880724,280.3819213756333,281.3600783443362,283.1918553249025,286.4769677592656,291.77574168219536,298.25626494462165,305.1279209116918,312.2001220243737,318.7833366596931,324.31872709719204,327.8077293337469,329.77170704827154,331.1815642811688,332.24005897506817,332.8906027811327,282.9063721046461,285.82492175104153,290.1583907507083,294.8474002167966,299.10342363548625,309.8364566912121,314.04043308716194,318.7976457717885,323.40031449064554,326.7927776707015,303.91594235770714,303.72989149548937,303.5552194095675,303.3727654998241,299.0621396944746,301.31079513410697,303.7854614021841,306.47607443862984,309.05351540668454,287.0755432403922,289.9942178774142,293.3242899030651,296.84132244493793,293.5890223646779,290.2567468005742,311.8125492379443,314.89638741470765,318.2382710545648,321.5155345405106,318.27203241157287,314.94683270571505,294.96867815878164,298.28075153421355,301.67038159340177,303.89195804526247,306.1596028015611,310.07930884926,314.04596970898854,310.2147801712789,306.5636974971036,303.9939735429159,301.55876264927724,298.38907442922385,296.2609006949928,301.58849421590065,303.8841947385708,306.2354443361646,312.77128289475,306.41619929924383,304.03453531586325,301.7191325670274,203.30373697780792,209.47771147012645,215.84203048414784,222.23962015123612,227.76111811206144,232.11248160309182,234.6097572867219,235.60075704229988,235.8923092518663,235.30254792455057,234.19088129227276,231.47804770000107,226.76466969102364,221.07779524346364,214.92074772247378,208.37418311641986,201.7392038445909,190.72201617267564,187.91301618114343,186.78676036518107,187.02293709791624,188.25755284314857,188.26381163303955,186.84299920319185,186.41052469150546,187.479652847224,190.4183306137718,193.67984528077594,196.97411443585227,200.0038548177443,203.1445243806737,210.23569166360954,210.6304259500103,210.70642488021753,210.47811792767075,209.95568488450772,197.20183346952615,195.25644232409346,195.00477601223463,196.66818367495347,197.87359096248085,198.1556392551492,196.28017573597253,194.43883002855367,194.610312538858,196.45769714525085,197.41485221673642,197.32891653172078,221.53074275684594,218.47403217532016,216.72133491244068,217.12665173855353,216.60163555577572,218.1525423960607,220.7068971324687,221.6404289755418,222.00020755005883,222.13153566427272,222.0877935742728,222.02794158129913,221.20279512854958,219.03461513526688,219.038559283926,218.84643017383334,220.48839962946258,219.7999095950427,219.89329148090127,219.8815331034434,8.469148634674019,0.30241150406234063,2.4842403520697913,0.53016144,0.34408167,0.36188298,0.346673,0.06546501,0.0,0.11483805,0.010920503,1.0,0.028427226,0.374148,0.59635663,0.54198736,0.0,0.51970404,0.7170493,0.044846136,0.27352375,0.30120113,0.11889946,0.638514,0.0008973461,0.0029902067,0.0002765153,0.030256739,0.030860076,0.29620516,P16_T11.mp4,73,00:07
74,276.4521019345238,171.90218680245536,52.66728050595236,64.8283656529018,0.9951509237289429,279.55713947731795,279.83226563327185,280.4159487343595,281.40944446119636,283.2605751536833,286.5569861320355,291.85984030103,298.3352748505599,305.21195769730974,312.2933451523911,318.88629230501857,324.4288502982299,327.9176340864708,329.8787447606714,331.2834383829642,332.3360625214552,332.97933772280163,282.9072989202877,285.8333073266283,290.17067603817634,294.8733919567227,299.14427699612406,309.88318915959474,314.100970261539,318.86592710149876,323.4620178253867,326.83203705129716,303.9725922470345,303.78873044148565,303.61443916873856,303.4324413913808,299.11534514563175,301.3699173824389,303.84951074379416,306.5390020258539,309.10913522416934,287.1089610471099,290.02088607130327,293.3500636049088,296.866800860686,293.6178924614458,290.2860881318944,311.8639648675221,314.94662235442127,318.2891773042734,321.5615066149387,318.3251502662286,314.9986343052142,295.01497463529194,298.3353629513948,301.7323526249996,303.9552131981291,306.22742183101735,310.15231866266794,314.12718257836457,310.28313912872136,306.62785403629294,304.0567053599331,301.6251014507248,298.446476651747,296.3072678213544,301.65139954994225,303.946384567095,306.29986390173485,312.84624744467504,306.4852373321351,304.10033845763854,301.7862633806289,203.41934177405923,209.60529089076817,215.97588544676796,222.37247438594906,227.88826827289523,232.23495944384138,234.72594563421487,235.7229735089983,236.01336777148464,235.4098585048801,234.26908252574327,231.54114218457903,226.8219653205646,221.12661265832153,214.9685544111873,208.42723898469688,201.79601433774863,190.78533660148682,187.96132693675088,186.82254945550048,187.04940446848016,188.28538962882686,188.28489116357676,186.88089539263407,186.47964709541418,187.59438464095223,190.56740991259127,193.703808908779,197.00031030640903,200.03448219435427,203.1829510049232,210.2723394068793,210.66945160174495,210.74891855482412,210.518400401867,209.99343071113225,197.23061516260793,195.2839136117994,195.0353486983461,196.69743818356937,197.8992077617728,198.17894646012232,196.30855182455173,194.46971583541924,194.64790209244612,196.50624546117973,197.44916551267684,197.35814575801078,221.60442985484102,218.54417316443653,216.79211186079385,217.20010682721255,216.67921759619944,218.23233330398133,220.79219116281587,221.72663498661845,222.08033201742293,222.2047999495915,222.16056405669994,222.10162459815228,221.27275339587533,219.09337058476862,219.09888384227892,218.9118225853574,220.57139192301398,219.88855944679776,219.9757514520318,219.96252241613874,8.594690389016892,0.6808287002432817,2.4504298488832426,0.500051,0.32783067,0.3253568,0.37987128,0.06464759,0.0,0.1141226,0.004143124,1.0,0.031902302,0.317912,0.6541693,0.5299926,0.0,0.50336426,0.79792744,0.049609747,0.27503884,0.19692932,0.12351907,0.65631247,0.00089013024,0.0029411959,0.00028332355,0.027281316,0.029258009,0.28303355,P16_T11.mp4,74,00:07
75,276.4128162202381,171.85222516741072,52.719996279761915,65.03565150669641,0.9952261447906494,279.63848479004645,279.89138210609497,280.4541346292896,281.44288863786716,283.29399102533654,286.59802550950525,291.9000239156109,298.3809569354338,305.2749131633589,312.3772777310202,318.99346393729843,324.5598982317804,328.06980122077664,330.0446670653526,331.4616484036423,332.52360640847957,333.17091543177025,283.0675573004885,285.98820230967897,290.3235469922824,295.02609086524933,299.2943206429767,309.9518795963161,314.1765274816269,318.9694378433363,323.6047109790655,327.02014234322604,304.0541038356346,303.8697285674289,303.6953916943386,303.5145749860325,299.17921867414833,301.4377366305581,303.9195065406116,306.61961619613396,309.2054891013133,287.14621584738563,290.068982037379,293.40035230880204,296.93559084876915,293.67410092517684,290.3405048094245,311.99491628445736,315.09618960760633,318.4429896086852,321.73745784653585,318.4811894699856,315.1490656211721,295.03694563587095,298.38227802172327,301.79053877139347,304.0253283434275,306.30720254722996,310.26317218255883,314.281995754309,310.3951505635642,306.7107990603827,304.1301872417999,301.6879801447469,298.50004076997976,296.33416864133306,301.7045914093236,304.0143689092794,306.38115546916794,313.00135145143753,306.5720012691647,304.17674157836774,301.8507249508182,203.6082083074017,209.78861280321377,216.16391474042453,222.57880740090954,228.10780006319385,232.47294826641976,234.98610095341724,235.99350832826542,236.28135628458196,235.6788432506146,234.53511279548502,231.7922864660316,227.05162878844158,221.3300831477512,215.1406264198287,208.56660798543166,201.9086121891183,190.89969777746475,188.07795980077555,186.93760648876628,187.16135850148095,188.39706958951652,188.3769160460333,186.9314662285475,186.49313305389194,187.5785008008133,190.54651884793412,193.79360707028604,197.11339922982685,200.16990679978235,203.3379391718175,210.50419965945233,210.90158148498975,210.97696713431208,210.74793077643943,210.2215523174726,197.37389976960839,195.43842927639056,195.17807526554603,196.81090303151868,198.0168920038968,198.30780543861044,196.39798913865516,194.5682916052742,194.73844426316242,196.57606598842423,197.51828891899535,197.43226712952892,221.86836533846036,218.82804340140729,217.07437112778808,217.48280542171926,216.95367314907855,218.50425166424947,221.05340395263562,221.9754710138674,222.32327488985044,222.44834547810973,222.40456821377722,222.35357149197537,221.54624356601354,219.3903888997768,219.39790606683252,219.20546938123366,220.8399089655137,220.13276961878825,220.22091956662598,220.20938797186662,8.170303662612207,0.5316065773696748,2.62717206304095,0.5235313,0.31505087,0.24917382,0.337955,0.065076485,0.0,0.117654085,0.0020029454,1.0,0.022183664,0.34380776,0.61933196,0.5451259,0.0,0.52736205,0.7044552,0.04717738,0.2684607,0.17140591,0.13084617,0.3870384,0.0006162031,0.0025760804,0.00031201696,0.043737568,0.052962847,0.5127569,P16_T11.mp4,75,00:07
76,276.4536272321429,171.990966796875,52.53718377976185,64.60636858258928,0.9950279593467712,279.4808954748796,279.71124461595497,280.24021712984114,281.1852894264764,282.97797696989494,286.2155958208321,291.4433347640225,297.8632751786966,304.73215110072783,311.81872500033364,318.4478699806512,324.0646723464948,327.6429865337504,329.6610175117839,331.07588685449394,332.1336401104518,332.78488332963997,282.84853677133333,285.7213397816389,290.02605325535586,294.70944905819874,298.97547545646,309.5912745798043,313.8141176622351,318.59846399666,323.2230574780535,326.64824071613924,303.6788109070084,303.478166757906,303.2884143236685,303.09494197832953,298.7819661430604,301.0221381974561,303.4876906545274,306.1893350098435,308.7895390067742,286.9109350048478,289.8183458961682,293.1316245042047,296.64720389256087,293.40981840250646,290.0945874187676,311.6140097435537,314.69662844775513,318.03187301532085,321.3161524902921,318.07226062156576,314.7569141126374,294.6826356617186,297.9933750260901,301.3537370803543,303.5770378360773,305.8527454387595,309.7951257081669,313.80823974059393,309.9403593553834,306.26908435865073,303.6948319402866,301.26598183591557,298.1177032350169,295.97943826077216,301.2600923617555,303.55765270928123,305.921150213959,312.53315587716406,306.1313783327813,303.73864371314795,301.4235004317822,203.04002597989506,209.1795821386747,215.5148310369353,221.91146077887456,227.46306534877877,231.8780868944263,234.47824468128118,235.58858500349385,235.91503608394845,235.3347484361437,234.1939325689441,231.45587005289386,226.71829293618129,220.98506890537948,214.77062700827005,208.1796746555972,201.49984184314,190.84364587153556,188.00734997636008,186.8164631815327,186.98301353671346,188.16693185211093,188.19771700460564,186.75456940601273,186.32629442354357,187.4084535310326,190.36441503848715,193.64722503304816,196.97069758380505,200.02502416910087,203.19211489185574,210.27887363176478,210.68305468071435,210.7692688191253,210.53448466602546,210.00550868638356,197.21947183735188,195.34419533596846,195.0675171281528,196.63442455174018,197.8537906162801,198.1566029324617,196.18084031075804,194.38384136726782,194.540100738569,196.31882359708226,197.26579743833648,197.1935295008005,221.54031993411846,218.57688625740786,216.86709496895813,217.28273149569733,216.74327044985756,218.2643582727903,220.78070484517556,221.66950944301888,222.0057293334966,222.13536245912462,222.0891385203068,222.02863104706063,221.22578181120383,219.17007575837462,219.1886891769049,218.98800805974184,220.5721818781501,219.8289898501448,219.926289785739,219.90946931814958,7.8502328821043,0.8540847450553962,2.920146449874576,0.6473273,0.3538905,0.3399848,0.36095902,0.070597395,0.0,0.109624386,0.006776115,1.0,0.038367778,0.5529112,0.6264791,0.556601,0.0,0.56272453,0.6783515,0.005739205,0.33710012,0.21780854,0.09290831,0.5691295,0.0006771008,0.0023749962,0.00031443025,0.034214407,0.02887954,0.36440998,P16_T11.mp4,76,00:07
77,276.40885416666663,171.90912388392857,52.586421130952374,64.74630301339286,0.9955824017524719,279.60743847818065,279.8283889049789,280.3687150671197,281.34597647544706,283.17596547045395,286.4559940296982,291.7231940717104,298.1690132759179,305.04494276578936,312.1273785420893,318.73885383644375,324.32832399909216,327.88437040197897,329.879653110094,331.26229864939813,332.2837387970948,332.89800145268674,282.9400742267695,285.840694026417,290.1594248472497,294.8435521295951,299.10118363463135,309.6302186860753,313.8606198142682,318.65910310181454,323.31414528522043,326.7831424715214,303.76569856222653,303.58557517662746,303.4143711287495,303.23590564704665,298.96203779826675,301.20504747040934,303.66302429607106,306.33929334507724,308.92056635323513,286.96276847751415,289.8588186216599,293.18648413182234,296.7202020887992,293.4667787191749,290.1397453427606,311.69405896201164,314.77812142831306,318.13249632596603,321.43279947531573,318.18374778523906,314.8526344833147,294.82498870007527,298.15238329577426,301.531953238532,303.75744145986056,306.0368555524736,309.99058586370165,314.0113547693489,310.13324895707524,306.45319782617236,303.8775931821737,301.4498800491432,298.2858653989961,296.13504074070454,301.44587421989667,303.74421990783884,306.1083491847368,312.7309620737015,306.31054399483173,303.91999476897263,301.60715399947946,203.29804712123172,209.4250671516472,215.7460341518246,222.12137854739225,227.64161964483128,232.01203492497692,234.5664711926914,235.64088090677146,235.93418633489637,235.35623084842894,234.2278744234903,231.4961767383552,226.75195970180377,221.00906396350558,214.79198918681524,208.20586407661736,201.53613291057908,190.98314161093606,188.1657909606808,186.99115678815787,187.1658225208471,188.3558988177891,188.29297488150354,186.80360525214095,186.33219787710613,187.3813963375237,190.31719449603116,193.75442522485642,197.0830794570352,200.14956953134137,203.3246893589834,210.4477345187084,210.83181250066096,210.90075907386574,210.65553748974844,210.1257677296509,197.39192426092507,195.4795066460152,195.19411330952926,196.77703873361793,198.01424720068295,198.33223594659273,196.26172932244788,194.41996944132842,194.5658557221651,196.35267553939318,197.32780089137378,197.26825528160302,221.71559962226144,218.71059786913517,216.97759740981274,217.3832281424165,216.83341534303702,218.35381509825655,220.85267453731504,221.76084928418942,222.1118895946453,222.24982442020305,222.21644868450406,222.1798312372761,221.4005191546948,219.29697717456148,219.30044580589748,219.09010040681542,220.65151244389293,219.9317274470165,220.03931059063012,220.0320537878217,7.957044692619338,0.3506199822179376,3.090070512599307,0.5457013,0.3258068,0.344463,0.3534339,0.06792093,0.0,0.11032415,0.011235657,1.0,0.03758611,0.37142703,0.71124506,0.53856635,0.0,0.5242281,0.74518174,0.011000947,0.33675593,0.19594948,0.11032357,0.53436446,0.0006093967,0.0017602758,0.0003277746,0.02878026,0.032397497,0.40176037,P16_T11.mp4,77,00:07
78,276.34453125,172.15474679129466,52.663355654761915,64.58869628906248,0.9954456090927124,279.56298092730293,279.8384839541623,280.43448977494927,281.46069882020583,283.29736218223854,286.5612710630403,291.79453273530015,298.2074413054994,305.0411831052955,312.09403010258785,318.6851660694052,324.2237766217846,327.7169541359115,329.6628270807331,331.043303470651,332.08637688976813,332.732230898488,282.8836456675936,285.8173953354945,290.120499360696,294.78651427075687,299.03219719339694,309.4174661783366,313.64855533107516,318.45098202893377,323.10938360161015,326.61927996767554,303.689649408772,303.53066555394713,303.37871756856197,303.22031580142544,299.0127342137847,301.23534365699584,303.67570240296874,306.3157149161845,308.8611612787562,286.8363675524665,289.7103770065396,293.0276785735196,296.643789773612,293.3724315563221,290.0536516714034,311.6304249772538,314.69008575584377,318.0135061731671,321.3530079178178,318.1145261055625,314.8052698219898,294.842105954869,298.1739412350843,301.56016937595837,303.78729230862615,306.05712015074954,310.00903358049965,314.03022468465423,310.12564976714884,306.4454881324885,303.8849629269416,301.46517358916327,298.2974546988665,296.13454158191934,301.4865375932499,303.782783438913,306.13526311304287,312.7549537147958,306.3003496491087,303.9287072786978,301.62377631514465,203.5339199242925,209.6007681242622,215.84700327648324,222.1437229863124,227.58281964269648,231.88357914804197,234.3571700193035,235.3666994804418,235.64078886577227,235.07908810571544,234.00439716168339,231.31237095574159,226.6075732985064,220.92848558399777,214.8023545248126,208.29952957586102,201.70408338830347,190.77967647084714,188.05737708536597,186.95443409960143,187.15231619518957,188.36457848265252,188.3110679930135,186.8574171749995,186.4259770141921,187.48237839347576,190.35917124304288,193.66001497359548,196.9761454355834,200.04387459629834,203.21798721168022,210.297088211616,210.68477247130832,210.76160342643104,210.53256578028385,210.0199405560498,197.29396300356757,195.4989477846513,195.21519389579635,196.6679577230471,197.92447253405766,198.25101679762398,196.30796651611666,194.63142231088838,194.79318494146378,196.48230639853028,197.4266997853644,197.35301487560508,221.53120042736768,218.53291756169705,216.81553251353915,217.22337733412112,216.69370063641233,218.20759984004553,220.69420914865515,221.6049962109724,221.94460741919417,222.07775766803948,222.03973255880882,222.0007142047131,221.22916621325137,219.09802307275655,219.10327572118265,218.90666405507315,220.51499081704367,219.80404924132696,219.89950700247786,219.8919629612467,7.614924415946555,0.2894342608779407,2.9158466107127907,0.6546825,0.290346,0.39667198,0.34944934,0.06684247,0.0,0.11005878,0.0022161019,1.0,0.0300621,0.37970066,0.5586494,0.5330927,0.0,0.4978744,0.63790756,0.00524966,0.33796704,0.3562544,0.12319053,0.37821344,0.0008174914,0.002103184,0.00033315466,0.038215715,0.045734063,0.5345829,P16_T11.mp4,78,00:07
79,275.8046688988095,171.99747488839284,53.570740327380975,65.17322126116073,0.9959224462509155,279.94720335362246,280.29049286530517,280.94710743214114,281.9902089480503,283.855351858906,287.15017180423285,292.405579938487,298.8245114625659,305.6764289173428,312.7083755120035,319.2727451290345,324.70950395317664,328.09219182372993,329.93439523698413,331.3440625593126,332.5254443550125,333.280685709189,282.7082068321827,285.60181631630996,289.9062095644798,294.6611977561883,299.0462311931426,309.41309174224835,313.73426657777145,318.66836558361155,323.45557908459034,327.07250062217855,303.9229674703229,303.81636709821345,303.7112630843097,303.5740736076969,299.3876083030999,301.6387743386006,304.0949647560375,306.68473194725414,309.17879281348485,286.928759736091,289.79160996906535,293.2513999104027,296.97325764602107,293.62142458843755,290.1800827393087,311.7838219260888,314.8944849271981,318.3934039363807,321.85933780331015,318.5123247905386,315.03365556342897,295.08796983801346,298.334573019788,301.80286330127495,304.0960742054236,306.40907106721687,310.4164581885467,314.41320298656325,310.5061324651895,306.8234317667287,304.24597573445647,301.7802687585247,298.5378772890205,296.34293656348126,301.80149979730254,304.14893154403427,306.52960015682953,313.07953760873676,306.653727964619,304.24433020658546,301.8892465221758,203.5851851313824,209.7419905917797,216.00322414103462,222.32736067355194,227.81410532024654,232.15964608829617,234.6392095276745,235.6800082368746,235.94611759677662,235.35162520323595,234.23358923824256,231.49569190776924,226.7867831580015,221.15676104772652,215.07633045599462,208.6480501892943,202.06568231982695,191.22814019943112,188.40905727858447,187.21972986742804,187.3374177410707,188.51888111393131,188.5223026931306,187.1740489881869,186.81311433663498,187.91499103147285,190.75514416755192,193.84144123613467,197.10024836115673,200.0819961405288,203.19577072762644,210.3961461899132,210.73723661441986,210.7952449680376,210.57762973403442,210.07917929722677,197.74035870298593,195.89361493804228,195.55553354537903,196.99723272256801,198.51658403368208,198.8930486458638,196.72210325946367,195.0549224791997,195.27938087160132,197.00576802435796,198.12990129942307,198.00560101420803,222.06023509530468,218.7529431674879,216.8819406857147,217.26694759201442,216.68832312162667,218.27781913710126,221.00874744727093,221.8069543266238,222.09847380670985,222.26604261798403,222.29339194381777,222.37590607652325,221.66221779725416,219.2831480968095,219.23535320371704,219.0045131465691,220.77204781920548,219.8588870664829,220.00602429515448,220.05721279813392,8.011481286318201,0.8019663513577584,2.730942892526993,0.6103659,0.33049986,0.3182679,0.37334135,0.063808344,0.0,0.10537849,0.0016336435,1.0,0.03405513,0.40965068,0.45855224,0.5137427,0.0,0.5287017,0.75794345,0.010061507,0.1804421,0.24418573,0.12746583,0.18396568,0.00074669666,0.0024306846,0.00041272485,0.03642166,0.078930624,0.69709194,P16_T11.mp4,79,00:07
80,276.43229166666663,172.20905064174107,52.8065104166667,64.65310756138393,0.9958478212356567,279.83416859108826,280.1045196887298,280.69439029189266,281.71411971834937,283.53725376181876,286.7608053349835,291.92595987776576,298.30330700729183,305.11676970648955,312.16007650414485,318.72686246865806,324.2597962399461,327.7569151466029,329.71790339398495,331.1227857341961,332.180189745087,332.84253085886246,283.0077679289446,285.8677576813614,290.1014315925869,294.72195555424133,298.94911837980544,309.3970362623041,313.5964876668271,318.38861434315896,323.05328929227943,326.57093106695135,303.6716693890077,303.51460794482904,303.36299398567104,303.2005636704321,299.029034094903,301.25385541773926,303.6980189387937,306.34579724163564,308.89931740595756,286.87417591458205,289.7301124236877,293.04061334923057,296.69948047941114,293.420452884132,290.1058409108952,311.60896489563464,314.6555888143925,317.97855467700947,321.3613735095948,318.1024595273017,314.7893204097348,294.8833916340988,298.1851178543558,301.56850548206637,303.8049755440937,306.072928185086,310.03225093539083,314.04311669761455,310.15242855908986,306.47375302306375,303.91083617829867,301.4834081821083,298.32114775195214,296.15827191773604,301.49871940698387,303.80018471685986,306.1526196191789,312.78721706106336,306.3312814050652,303.95937336232,301.6472720460369,203.65437358799673,209.69307258569586,215.92543476266596,222.216951632662,227.65140523332155,231.95416925486242,234.44069645187145,235.4554269553168,235.72276528853473,235.13298948455943,234.0366946850234,231.32104941260286,226.6042256616333,220.93363884568416,214.82652720503427,208.33898873695523,201.7542001755103,190.82192549775797,188.11573239798793,186.9915481399122,187.1415898198622,188.31747894212828,188.28229919484912,186.86682477956174,186.45464716083202,187.5028857088104,190.3567042653358,193.6818782553699,197.01143381760863,200.08891371582362,203.2733779654423,210.38420953073089,210.76782253573157,210.83463977772126,210.5919353602123,210.05676388826097,197.3510183804345,195.57800536107098,195.27947578297653,196.68647145141722,197.9731183951862,198.31784754806768,196.35580263657087,194.71654202212736,194.88134462923017,196.53639740101295,197.48270832498162,197.41019619521353,221.6688088572446,218.61915136448542,216.86926934688202,217.26079461577947,216.7181501932395,218.20818070126538,220.6815562451345,221.62163585665377,221.99896899352365,222.15850446527966,222.13350985022296,222.1162980172459,221.35619350718667,219.1332820411531,219.1242136896034,218.90755361474004,220.51216628222477,219.88100254027398,219.9935499854636,220.00047263832946,7.994322074230504,0.06452532464136072,2.7607668920549115,0.6510129,0.31453595,0.17806023,0.34115863,0.06482624,0.0,0.108586945,0.0014555036,1.0,0.03682146,0.4512984,0.5106295,0.5118952,0.0,0.5057733,0.6381648,0.0048950682,0.2789857,0.37100485,0.11860541,0.23041962,0.0008466318,0.0021334537,0.0003640971,0.06443975,0.037992388,0.66380405,P16_T11.mp4,80,00:08
81,276.3751674107143,172.13911481584822,52.666127232142856,64.55174037388392,0.9958337545394897,279.43067762721194,279.7716308591461,280.43498119704725,281.53002810122643,283.4135429891276,286.68886197512535,291.901678985329,298.28200136272915,305.0741875522167,312.0927340078729,318.64492101700745,324.14933099448143,327.63271152402035,329.58285001447825,330.97883489686524,332.03453487258145,332.68605389105215,282.86428927871356,285.7734802935792,290.0730579567599,294.7386793289928,298.9785140232875,309.4231081659353,313.6356304036092,318.4212132749414,323.06193924254245,326.56159043341717,303.64806685639655,303.49631662196896,303.34904497479897,303.1921605248761,299.0090976954465,301.2306177967623,303.6659812054268,306.3052126763164,308.8452826848029,286.79214650806557,289.663724315618,292.95726353353865,296.5785222197573,293.3283283391296,290.03110929229734,311.6290016914024,314.65847047673554,317.9537364901555,321.30634688887346,318.0863303755813,314.8000030682755,294.8422362708487,298.16352887846546,301.55832803085985,303.80017260754454,306.0832779007523,310.06668115484894,314.10448770137447,310.1977744826885,306.4893241665052,303.9101519358698,301.47446763873677,298.2904344963642,296.14559981335873,301.4856525641301,303.79654356673586,306.16679201035544,312.830537396106,306.3366551291247,303.944304626534,301.6238677691292,203.79900789511865,209.81417073816743,215.99994467022853,222.23554634835537,227.60662370436103,231.84622523509233,234.2867690302548,235.28194805569032,235.54336827272533,234.98463450119098,233.9114264812678,231.23721124166622,226.5739399734685,220.9308646237195,214.83188755955032,208.3471887049972,201.76362388245803,190.9463004695736,188.1828943955924,187.04291387162894,187.20876934736776,188.40097389243476,188.3133644148961,186.82562159038187,186.37408534426277,187.4167951083819,190.29220741770487,193.642107578567,196.96432591478703,200.04048743510566,203.22135093814597,210.3035048756104,210.6780024952488,210.73920677636883,210.49502681172535,209.96779089820257,197.3873931206688,195.57907117341716,195.27657492386976,196.6968665306047,197.9291036435241,198.27322536051548,196.26695447357923,194.58932416644404,194.7301549587436,196.4047195113025,197.30988124141086,197.254365227818,221.51715786673884,218.47683889578164,216.74198193940518,217.14754340963015,216.61718633632782,218.13653090360958,220.63847289810323,221.6257243623828,222.00117772177617,222.1413759713394,222.10582891639496,222.04374738622448,221.2248446318271,219.04625202023016,219.0453239830768,218.845389690278,220.47573858214392,219.82789477548462,219.92266537553513,219.91756347974172,7.794262045061253,0.5917348528575396,2.8406294012050224,0.5324836,0.26657867,0.35984156,0.2611662,0.0655929,0.0,0.29901785,0.008761048,1.0,0.03279266,0.47031462,0.59335697,0.5400501,0.0,0.5878765,0.64733964,0.0021613962,0.3311185,0.23939183,0.22334458,0.3319717,0.0008003377,0.001956482,0.0003623529,0.044249512,0.033823084,0.5868366,P16_T11.mp4,81,00:08
82,276.4082403273809,172.03354143415177,52.62036830357147,64.6292724609375,0.9954667091369629,279.39773737037075,279.7137599273327,280.3537502137126,281.4179861290268,283.3062710625815,286.61947962772143,291.89073809671726,298.3121177728685,305.15045085421633,312.20279625649897,318.78477820409796,324.3127460618915,327.81966082066106,329.7835918856265,331.1498749440104,332.1505529466613,332.7440914211333,282.8472226891365,285.75839628271393,290.0882205775361,294.7738869001773,299.0259120663108,309.60882168323775,313.8179533190622,318.588038399167,323.2072125847281,326.6628205978461,303.70659979943343,303.5460506884123,303.3925002631212,303.2286921868163,298.97599211439706,301.218675654622,303.6702611808582,306.3433199783384,308.91609047534916,286.88174081411603,289.7782999130203,293.0901690665418,296.6320056029512,293.3980280310342,290.084122602041,311.6461002689936,314.6909630902145,318.0198690048045,321.3308714122399,318.10923399326606,314.8019204571731,294.83776955370746,298.16401282432093,301.5582921957092,303.7989926208892,306.0975616374232,310.0886985429625,314.14272654450946,310.24001623033587,306.523265711105,303.92501056783993,301.48366651335715,298.29906573247325,296.15305327238497,301.4734574001243,303.7886055357933,306.17520359615486,312.86417668062245,306.3741484031289,303.9589500332488,301.6333870766092,203.56853570346846,209.63440849362067,215.88045814882915,222.1778422855639,227.60815675098982,231.88272656065362,234.3572612119269,235.38370584222554,235.65090401432658,235.08123688272732,233.95993093811973,231.2441357802874,226.53356264211595,220.8437328418962,214.68513439979122,208.14390107485357,201.50951681455024,190.97791163195194,188.15399047770896,186.96813621857706,187.1162596577078,188.2760930436734,188.21518506271073,186.72232471723524,186.25078711052026,187.28989085632182,190.18596688874075,193.67062823066496,197.00315367691053,200.0766930813055,203.25079583359454,210.31632733300046,210.6972148557235,210.7616360474885,210.52211365574746,209.99587165872342,197.33510124862784,195.40439313897346,195.11384829429713,196.69749740313833,197.90772687353436,198.23319580717342,196.17654602422388,194.33109105959863,194.46026858494858,196.23921985587927,197.1872528569218,197.1426789948671,221.55694237064577,218.5456538258162,216.83103129373464,217.2461818670721,216.71062523877606,218.23805835213403,220.7392240658182,221.70089618327162,222.05202773502802,222.17912738109422,222.13729243667163,222.0719698289771,221.25498652483054,219.1426084355289,219.1541373141355,218.95484580872704,220.55667578347035,219.8653591051943,219.95790909660698,219.94083304304928,7.957634489210064,0.8182857766781518,2.915570933568419,0.5659679,0.3534644,0.31069025,0.35288864,0.06733109,0.0,0.11148083,0.0020043384,1.0,0.045147482,0.4447387,0.52667004,0.5557743,0.0,0.58664197,0.65186715,0.013894113,0.23958328,0.20197038,0.09831287,0.51425236,0.0008579508,0.0019167456,0.00036927516,0.033092346,0.02809375,0.42141762,P16_T11.mp4,82,00:08
83,276.42738095238093,172.00352260044642,52.55204613095236,64.6028738839286,0.9954875111579895,279.3867542434577,279.65882214169653,280.25707856178883,281.28065492731787,283.1501764939792,286.46201441275656,291.747655156145,298.193311685663,305.07105526015096,312.16014766738283,318.77511799758304,324.3326187051174,327.8545832662484,329.80861386900705,331.138643500598,332.1015262147991,332.66541112934107,282.81192779473963,285.7200570514652,290.05852796693665,294.7579493638308,299.0235139655867,309.56009356264354,313.7720527552594,318.54466695284134,323.1575831463467,326.59010370224314,303.68179675739725,303.5238916072768,303.3732733919219,303.2115745997961,298.9257641485317,301.1746175704248,303.6307558687357,306.3105088008907,308.89093854802127,286.88970480685185,289.78831992363956,293.1087801761343,296.6224782018846,293.3928065950916,290.0721106839583,311.58742324351533,314.63723879111797,317.98075893451124,321.27064132346106,318.0564469443135,314.73814689600573,294.7493686169319,298.1018137536667,301.50431555769006,303.7472590305882,306.05364550559784,310.0465807870643,314.1097700673728,310.20443972960845,306.4933660421547,303.89133887391205,301.4495965459637,298.2510965700697,296.07253180270084,301.4186975397642,303.7363586633646,306.1298186949501,312.820033442221,306.34099193890444,303.91916045553717,301.59287006708297,203.3684711706136,209.46048032612606,215.74144381258105,222.07677513318336,227.55032591629242,231.86410350304698,234.37816068773557,235.44828656552028,235.73842393642892,235.17519054871119,234.0410995232041,231.31017632117425,226.58279471992645,220.87036925093602,214.68231995868763,208.1285839084569,201.48240036053917,190.95720399987718,188.1073332552143,186.9062135196833,187.05118978998522,188.2174297366278,188.15308799715947,186.66248241754414,186.20373591149027,187.27133654523607,190.20443637613573,193.67094491470004,197.00401290435875,200.0732933934322,203.24666106863546,210.3211980893669,210.7028495649235,210.7720731348165,210.53277333923415,210.00955109174097,197.3105077572393,195.35439550317324,195.07111764695028,196.70426666798102,197.91370145684772,198.2284836385183,196.1775395758337,194.28714604700647,194.41333893758642,196.23094167163862,197.19246819347842,197.14691214411087,221.55524870373642,218.56102549105017,216.84885458359494,217.26648789873212,216.72438523560697,218.2474654997699,220.74544244794373,221.6763448986624,222.0056801564546,222.13123538248308,222.09077602876948,222.0444621751524,221.25016780268732,219.17443106499698,219.18757249966598,218.9873365889962,220.55883777225057,219.8152146278375,219.91009726478984,219.8959254011718,7.8899654549609295,0.9893333778094711,3.1525424008688128,0.56131065,0.3648824,0.36239156,0.35288864,0.06777141,0.0,0.109624386,0.0050794976,1.0,0.044969484,0.48492858,0.5505286,0.55459386,0.0,0.6289981,0.72630435,0.019119663,0.22364339,0.20085141,0.109028235,0.57845885,0.0007021237,0.0017037704,0.00036714345,0.030807395,0.028431185,0.35952958,P16_T11.mp4,83,00:08
84,276.49696800595234,172.07163783482142,52.42821800595243,64.46210239955357,0.9953438639640808,279.4513785255664,279.72412843565024,280.30253704754193,281.29247730414335,283.127222553474,286.42393655262146,291.70056795048265,298.13647637463293,305.0069606664052,312.0878214693903,318.7027629418967,324.2536634718204,327.76496123576374,329.6951385230772,331.00548707514315,331.96237560866604,332.53010817050705,282.818027453312,285.6613447529192,289.95676162284275,294.6137740717994,298.8475414210026,309.4509500687445,313.6503839233666,318.40815375593706,323.0087867015381,326.4273358484138,303.5490009105503,303.3881662511167,303.2343859456358,303.07131049141725,298.812882872857,301.04612996018454,303.4916347197791,306.16601868497355,308.74164630551854,286.8883850733544,289.7549148860172,293.0535238782853,296.5426811143325,293.3347643719012,290.03595250932335,311.4361190420674,314.46176372721976,317.7895652959923,321.060152826726,317.8588823922835,314.55857897186,294.7268189412198,298.0375402131179,301.40374420938883,303.63345950905114,305.92523929143107,309.900672049265,313.95012480602514,310.069741398999,306.36842331515095,303.7796367886052,301.3482660957049,298.1821821332823,296.0400376470999,301.3160396859319,303.6203374885613,306.00205797849424,312.66975495291393,306.2149196510015,303.80375991271023,301.4890580906728,203.23575697472484,209.3233186342755,215.59264748067514,221.9264936962647,227.39597868233386,231.71187853750905,234.22924549364433,235.29475724597276,235.5776783356774,235.01135664462694,233.8797691102745,231.1464882056079,226.4189414385016,220.7102216396574,214.5270250718141,207.97146466110982,201.32739285639852,190.87388923015237,188.00706202805824,186.79767834060476,186.94270525328875,188.10211598955476,188.0815615386258,186.59447145056612,186.13508777154368,187.2030454943113,190.14521365768957,193.60920344860534,196.94153962986977,200.00606394881726,203.17616382123518,210.19370603413338,210.58516273955533,210.65995272352095,210.41571992402382,209.88640362174766,197.22334032218188,195.2617803811564,194.9828590640361,196.61927092145098,197.82271604165533,198.13619216642192,196.0751174224298,194.18710257937823,194.316291775835,196.13336886546176,197.08624840502253,197.04146247880036,221.37494004162645,218.41853407105464,216.7261761150368,217.14529695360673,216.59762088829802,218.0991700966164,220.56324210024206,221.519249992193,221.86492255725497,221.9926478599993,221.9485189569394,221.88527874856305,221.0769604421116,219.04757957332933,219.06279945724958,218.8566924439193,220.3822541198101,219.65610751018593,219.7552972595881,219.73945954336085,7.907874371628341,0.7784011026410796,2.941025295214266,0.57637745,0.3303814,0.28365734,0.37090117,0.06792093,0.0,0.1143579,0.0005618254,1.0,0.044629157,0.46772456,0.5772429,0.63391036,0.0,0.5589048,0.7382264,0.010437897,0.26517394,0.40852994,0.09885696,0.5944862,0.0006769793,0.0017536063,0.00038800816,0.032053545,0.026430601,0.3442111,P16_T11.mp4,84,00:08
85,276.47265625,171.870849609375,52.594047619047615,64.72531389508927,0.9955824017524719,279.4860820709073,279.7425491119578,280.3324511992033,281.35989108381983,283.2521336689247,286.61018261923994,291.9490252068629,298.43914721100276,305.33415735648646,312.4202600013441,319.0184487790598,324.5524323771089,328.0491700293646,329.9763723985871,331.27939574994014,332.2197058435237,332.76672010185234,282.89384391293953,285.7711686332358,290.0886406306841,294.76710139148577,299.01896158460295,309.6892395355108,313.88868667216406,318.64828200180017,323.251362681175,326.6817917870602,303.7429096471126,303.5773767012198,303.4200518857965,303.2516440109576,299.0192300964852,301.26058673842664,303.7039244995188,306.37352981655994,308.94974855276007,286.97655087926876,289.8610258858087,293.18290674853625,296.69005849525956,293.46552707839385,290.1427897553522,311.66324630351886,314.6988379455838,318.04689408731565,321.33562299161554,318.1172812365872,314.79962249173235,294.90736181384045,298.22436779705055,301.6013699826405,303.83407869016736,306.1270127610771,310.11143743422946,314.17643881963335,310.3015068107418,306.60977860730424,304.0211249932467,301.5876249519784,298.4006227001725,296.2334702427943,301.52718200138054,303.8332916725815,306.2138069122572,312.880137524367,306.4421160844143,304.0329209980049,301.71683240676623,203.52791296223612,209.62938253487795,215.91897245812814,222.25912131700017,227.71919470470198,232.00401473136554,234.4838238132918,235.51896489646222,235.7774353602204,235.21144008952572,234.0857364297933,231.36142413150102,226.6251569290143,220.90694640264945,214.71792343833283,208.16756218226442,201.52430507396747,191.05008246274,188.18532224672705,186.96286403383743,187.08449991649732,188.22985123878627,188.16018397913007,186.67225547548284,186.21926667109432,187.29370076462004,190.22874628056988,193.74340015669304,197.06805178427445,200.12483271746123,203.2805903711065,210.40434949269235,210.76867845127057,210.82412152544032,210.582854340207,210.06489491934406,197.40274721598558,195.40405587287128,195.11611623003597,196.78124868742347,197.99262615565502,198.31049329957335,196.20747120165873,194.28253035061692,194.40760133356355,196.24727808820248,197.20929134909628,197.1679567225328,221.69747779060404,218.6771866963122,216.9353223390561,217.34572886253176,216.78826115885616,218.30621901292105,220.79172239855714,221.716917124976,222.0616447161499,222.20054406103245,222.17634095550815,222.1576006779331,221.3834809214023,219.28120417543673,219.2817087925947,219.0677233405012,220.60490757123833,219.84925958040037,219.95925686181923,219.96010406310288,7.838735679617453,0.9272255510792287,3.2098135098033516,0.58053786,0.38397053,0.29305375,0.3407814,0.06763131,0.0,0.109899044,0.0018354189,1.0,0.04350997,0.4490652,0.5822522,0.52835274,0.0,0.6265995,0.6869732,0.012769001,0.18542667,0.17923264,0.11754082,0.59787095,0.00069580146,0.0019188889,0.00039608555,0.029762182,0.028639445,0.34071663,P16_T11.mp4,85,00:08
86,276.4586123511905,171.85536411830358,52.57624627976185,64.20242745535714,0.9959716200828552,279.71703639192356,279.9418124074216,280.4826442134467,281.47000643849606,283.3049847789865,286.5854600393147,291.8410994447967,298.2806160642649,305.16322131222114,312.26770150673445,318.8390784255395,324.2768824591501,327.6689266086323,329.5390243001216,330.8151823703067,331.72912814946113,332.25346966887423,282.80581608848877,285.6696636376304,289.9673142845942,294.6159609805809,298.8484334367826,309.2890028539147,313.4463276366936,318.17573816330906,322.7739840960795,326.1961892598941,303.5819814594263,303.4355021605268,303.2966457732887,303.1403760842314,298.87981595382695,301.13288229821984,303.6014336605091,306.2770297324817,308.8330838548352,286.9893159293819,289.81363914077104,293.08048385438906,296.6062527020844,293.4042968759546,290.13633857433786,311.3241273986408,314.31780553208665,317.6164322767939,320.9132175832022,317.6975244436779,314.4236354249463,294.752909343846,298.0434241165956,301.4332181295031,303.65165303516466,305.9376999527815,309.84771176542023,313.7775798853021,310.01608627082646,306.386560870401,303.7864913213765,301.3453617765485,298.1640658778671,296.0596210542351,301.361601792868,303.6519101936304,306.01708385271485,312.49944720546983,306.2251663804919,303.82275984926883,301.50691239838324,202.89577779139924,208.96953011852955,215.23272557679033,221.53732814014157,226.97527912144682,231.26951323450942,233.76520399915918,234.83649861450374,235.13941751073247,234.5936813253976,233.42637016792847,230.59692445174525,225.77841770100142,220.03664317672207,213.86392616934276,207.35459332249926,200.75891952080252,190.74332513273194,187.95161742138777,186.7987897960752,186.97557016882845,188.14160242214234,188.05758278165345,186.585058966284,186.10061144991778,187.12362456333025,190.02813759091578,193.45012233318826,196.7231755869064,199.73395475832012,202.84595104261535,209.7403304746075,210.14873944715197,210.2397184386184,209.96828767808952,209.40577649498425,197.06594026896968,195.20640903515076,194.89973378847685,196.37352732377062,197.62077343502813,197.96243371332363,195.85735058564293,194.0967610714957,194.2460461529404,195.95066925993555,196.90301430855513,196.84986746029463,220.89951544774564,217.88969602846274,216.19998122430405,216.62060522396848,216.08575694438602,217.58092218502424,220.0593879245887,221.0965401614983,221.48778839857383,221.61805752990435,221.5636363696041,221.44804363927938,220.59664706478694,218.48375045265337,218.498445222121,218.3005480064312,219.87581351701436,219.24372719259534,219.34072644742804,219.32458516159096,8.109277765776266,1.2663188293116938,3.1116456409038804,0.5027385,0.34510154,0.2969345,0.34011897,0.07284391,0.0,0.12888353,0.0005746377,1.0,0.042812336,0.48090634,0.5857934,0.56877047,0.0,0.5970019,0.7136052,0.0070614778,0.38025072,0.50177574,0.09912773,0.7507263,0.0010508666,0.0019688264,0.00036694558,0.015594235,0.021314545,0.2089784,P16_T11.mp4,86,00:08
87,276.6391927083333,171.87732631138394,52.44540550595241,64.0803745814732,0.9961178302764893,279.6765344230919,279.88685567367605,280.40283374027234,281.36334520525185,283.1737011450955,286.41955052440215,291.6580439622248,298.092771238367,304.9793149125421,312.08432795097514,318.64581104638347,324.09420520916547,327.5084103608982,329.4036311218652,330.68437113138833,331.6026020104527,332.1471402982998,282.87745401963156,285.6586626881172,289.9020022870757,294.5148429711597,298.71870816201016,309.23114752493734,313.3666125614308,318.07126533329597,322.62795725261634,326.0159958562053,303.50410643722944,303.35286388062605,303.21000433620605,303.0449382887634,298.80687187488803,301.05615458673253,303.52326957224244,306.205411799457,308.76719432194994,287.024869088118,289.8410111754713,293.0825326929659,296.59138246475385,293.4088124522908,290.1630146360717,311.25660976988644,314.23110324484173,317.50430053991937,320.7896667236504,317.5847297896702,314.3292564465407,294.6421579634638,297.92902291427185,301.3328787814173,303.55492243289774,305.8410326476912,309.7587777034654,313.6807257237952,309.9222853998188,306.288238159854,303.68047053006967,301.2308503272301,298.03467224304893,295.9422696520427,301.2690757627738,303.561476674244,305.92693445979677,312.41008749603935,306.1168607904996,303.70702208260025,301.38381623680283,202.78782222564956,208.83674073085504,215.08875363346806,221.38975834429772,226.82407693003478,231.11993296070307,233.61780933837747,234.69414868560935,235.01878988459774,234.49126512393747,233.37409697816557,230.5884206546084,225.79763231797426,220.06467407951257,213.89416293887064,207.38793255634954,200.79357283634226,190.7205518135169,187.89947800330452,186.70564585901676,186.85123251784307,187.99798412569135,187.9425916195446,186.50875965734593,186.06665545330782,187.13154321172604,190.04882228477572,193.4181194248229,196.66387140718643,199.64980730418424,202.73882125066177,209.6012861088143,210.0138412261677,210.1011455542537,209.82408906411604,209.25370048172854,197.08093428423496,195.25422138718548,194.9452828671147,196.37763897916406,197.64666614689673,197.98442041196313,195.85156944341807,194.1440245708455,194.2966971437426,195.96398155758425,196.9190880651459,196.86402785445202,220.71663317465448,217.6742047589763,215.99007181982785,216.39873564284352,215.87610593795793,217.37385550343896,219.88924041394037,220.9410128145878,221.33915318436505,221.47067343291752,221.41853283882332,221.29592727517883,220.4103255178933,218.24963506547627,218.26269771431316,218.06460379054812,219.69929574969532,219.12395711090647,219.22066654615503,219.20436344372948,8.366090254140136,1.2355439160170982,3.109495996841139,0.66914326,0.33739474,0.29882208,0.34011897,0.0700887,0.0,0.1270281,0.00031083357,1.0,0.050309505,0.43096235,0.6704172,0.6226517,0.0,0.5595608,0.6942846,0.005158676,0.3446252,0.36809787,0.09577487,0.79732543,0.0011914236,0.0027260687,0.00036669095,0.015660075,0.024105562,0.15862472,P16_T11.mp4,87,00:08
88,276.5698288690476,172.26655622209822,52.849999999999966,64.16929059709821,0.9957866072654724,279.70643419339643,279.97624007750295,280.50814681075025,281.45055233388587,283.28241263576933,286.5805967422961,291.86057321382907,298.3254704668967,305.23588052950714,312.33302208582654,318.84513175418846,324.2243683530105,327.55422858690355,329.3651171949569,330.62277167067015,331.57128843970713,332.16266794545027,282.9118159443075,285.70110974295966,289.95558105736006,294.59809009546046,298.83809682746653,309.22587924386966,313.3795666355327,318.1191304282932,322.71688944946675,326.1631915222762,303.53112060262305,303.39212016543013,303.26343747572975,303.116170907205,298.85030325516055,301.12826270655216,303.62782194689305,306.28765279913944,308.8356499167765,286.87767948287404,289.70419152637345,292.9966820538235,296.6087657278021,293.3616287687893,290.06115667421756,311.3124922126272,314.3047261906065,317.6062126188952,320.9344113649803,317.71553576281127,314.42328390211816,294.8226755137442,298.12060947915074,301.5149694041077,303.75405830233484,306.0379522944328,309.93101558751357,313.86929246179926,310.12223355727855,306.52502065815565,303.9396767828022,301.50319900221956,298.29312194184024,296.12027454302824,301.4616434480395,303.76230607468534,306.12420737834117,312.5979100578164,306.34731948837526,303.95298704424715,301.63390347473603,202.7851494328486,208.85273997153072,215.13124078229828,221.4708540520793,226.9292591680267,231.21780704659875,233.7048569360541,234.79848768305797,235.12301480581175,234.5315756333794,233.34298764532932,230.4822728196618,225.63122411293676,219.90462640836486,213.79353655835715,207.36178874090533,200.81063869880188,190.76589155317896,187.97318757374964,186.81596361038365,186.9759391837156,188.1611307602246,188.126223452149,186.71168000683537,186.28123762606998,187.31965603167674,190.16898599406352,193.62418528818708,196.87663028766926,199.86850167576782,202.9721172984418,209.8040656647071,210.20080325067227,210.2851811287424,209.9838368096294,209.4143687480718,197.23735214206258,195.55600680095822,195.259286650261,196.59370920629416,197.94439093514407,198.2791210617572,196.2141028447577,194.66047864170798,194.81534123874698,196.3599856050667,197.3833634152407,197.32081895568552,220.9862962790496,217.90773378123671,216.18868597715328,216.56277775968076,216.00649603644428,217.43531129484853,219.89593802046306,220.9486144699245,221.36608393552646,221.53781843638322,221.52446686723036,221.48421939046813,220.66506000369446,218.4558319885572,218.43590790409777,218.20239084140997,219.72207846752045,219.1859135980471,219.3230138806751,219.33641593702654,8.129632420519032,1.1158553056144835,3.261878526522822,0.66416126,0.32597056,0.22444107,0.26229644,0.06684247,0.0,0.19049187,0.0004678076,1.0,0.052082922,0.27073482,0.5805226,0.5360101,0.0,0.44182003,0.74603367,0.003325333,0.30916235,0.2637186,0.25791642,0.4955592,0.0015535816,0.002187109,0.0004896402,0.041590277,0.035632823,0.42298737,P16_T11.mp4,88,00:08
89,277.61099330357143,172.15025809151786,52.14707961309517,63.91648995535715,0.9956777691841125,280.10434621047807,280.42885889468596,281.0414675336614,282.08243076710926,284.01143051442324,287.33159664307686,292.5490900335205,298.9338640089233,305.78665518940556,312.8776391875511,319.5505308331237,325.2491506740624,328.93128284108894,331.06582915619214,332.50550088848587,333.5855335591867,334.36601711484866,283.6627691600856,286.6032643401017,290.94299831648556,295.6895463513044,299.99859074984147,310.27425048208596,314.6114746151452,319.5389370941963,324.28714921457095,327.85930087001395,304.4675656566183,304.30260403257034,304.14819152231365,303.96316029499616,299.6640135481854,301.94292614275156,304.43355705098713,307.1363657250854,309.74743482542357,287.4935706849526,290.42323673678095,293.76531256330895,297.4021075422666,294.1091450979534,290.75431432993986,312.41053402936285,315.4292949475501,318.8017014763311,322.2443424732278,318.88899739305754,315.54786104340235,295.41154120105085,298.76389869904875,302.18561290574826,304.4557067612013,306.7750762929275,310.76911478174384,314.86196520793254,310.94225739783076,307.23426790139837,304.6451382147481,302.2226548101879,298.98984631571955,296.7843089221724,302.1625991511109,304.48088291272853,306.86864910379717,313.53598160641405,307.0863151518295,304.6748677432357,302.35024765584785,204.03610641802993,210.11730135691752,216.40352169394228,222.72152423641776,228.1401982558984,232.39969953584085,234.8913247809127,236.01021202067645,236.2930974218389,235.66394050349345,234.50298938680905,231.83570253899853,227.1740548691719,221.57144453580958,215.42969334067908,208.89777351433546,202.24020151353642,191.62662726519696,188.8444819407258,187.57676876364275,187.61441184184778,188.72443005419868,188.64071375008274,187.17652418582236,186.75967989741625,187.86001532623078,190.75958154481867,194.2612632914699,197.56152211091248,200.59373514928654,203.72740026077054,210.8023148613097,211.17256018248918,211.22970597767537,210.9306094573345,210.3552610197364,198.1906447417808,196.4418691174932,196.09158367965637,197.38343981228968,198.77939043960234,199.1503420828103,196.80154018073142,195.1645051585191,195.32624604555048,196.91901822064338,197.9104863379646,197.86033061644562,222.0263342088188,218.93743939911548,217.1893998126699,217.53456955892167,216.9358187752789,218.3427299661083,220.80266901066526,221.81188661197135,222.22699823986738,222.43194591972312,222.4494325330501,222.46157029994765,221.7064137607121,219.57121369771193,219.52324780306446,219.23967665235978,220.62815032383028,220.04646556046194,220.21153919026852,220.2397966430722,8.66404358389765,1.2747565235366551,3.717356022439539,0.5616333,0.25471064,0.3144002,0.28414908,0.07192942,0.0,0.2065996,0.043916058,1.0,0.05186612,0.30134022,0.47929403,0.48754093,0.0,0.4758098,0.6449846,0.0046132845,0.21407096,0.32209727,0.17929246,0.63199574,0.0010616229,0.002112788,0.0005429499,0.024389824,0.026309898,0.31358713,P16_T11.mp4,89,00:08
90,278.06556919642856,172.13407156808034,51.93573288690476,63.56694684709822,0.9963065385818481,281.20038831172155,281.37191114863134,281.8613457099256,282.79209068493907,284.60609074678774,287.7278109252081,292.78168073313617,299.0774168002521,305.8612620765892,312.9027144213174,319.53651756698673,325.11421289017557,328.7366478991645,330.8788578756058,332.37380045415944,333.5258110254521,334.37326341966315,284.1326104236569,286.8803130643735,291.1051762872182,295.75026250383274,299.9960358267954,310.30683847623834,314.6242444644233,319.55678204105186,324.3000829842802,327.8245601530777,304.5688551187906,304.35270224431673,304.140495872757,303.89224356213776,299.8844811928656,302.096189176559,304.5217335102622,307.21892727900456,309.7976259337497,288.17876480975787,290.91233187724845,294.1732367566602,297.60577813954023,294.4358292403109,291.19186295146,312.6588041732362,315.58988734625456,318.9572318644596,322.28551600647125,319.07079839647633,315.7564906945086,295.7052096266707,298.8570059764935,302.2225363764234,304.5119536395613,306.90885854716265,310.98394107242433,315.18982197998474,311.1468434375308,307.33426246267294,304.68462223538165,302.26789160663134,299.1025871229859,297.0713225277203,302.23191159417576,304.56865961230983,307.0383293040571,313.82343627919454,307.1894785470055,304.6974392765281,302.3624280834092,203.57526178572735,209.5038321352913,215.67038388524045,221.89232307585854,227.28743807931812,231.6050032006851,234.1799872322956,235.3657885981254,235.65481082997908,235.1915286704848,234.1046217572892,231.55537638120543,227.05374872818524,221.60982075780547,215.56987536747434,209.104435128386,202.49842118296033,191.38922007933058,188.5421546797584,187.25581751618842,187.33311986935317,188.50138248519278,188.2045718207446,186.58004027207562,186.0898668781505,187.22876942190675,190.28733191371305,194.01258287160744,197.32163235857485,200.38303651434586,203.5602009667144,210.2932873046483,210.70451927363382,210.79397940190518,210.46031803916267,209.8386847235678,197.81291741144295,195.86389966464068,195.57239950180977,197.1331322844743,198.42257481842492,198.7420915146167,196.30558517800318,194.33510036494596,194.42152104944066,196.2572655239473,197.2427750468886,197.24372984598074,221.53323223062867,218.44567567305765,216.76825280134634,217.14295233840156,216.57194610800195,218.01144668593852,220.58438926615676,221.55156891986013,221.8253098195772,221.9463874377855,221.95903170576287,222.02096179354413,221.20821407300122,219.09107439272213,219.05726995819796,218.80958598037168,220.39435242018413,219.6219472346154,219.731885530082,219.74908555372758,15.285831752827848,-0.7242875004576709,5.294091707329733,0.7175326,0.41718858,0.36539948,0.38077047,0.114051245,0.0,0.11655456,0.0030585143,1.0,0.06462343,0.3576185,0.6036554,0.5782152,0.0,0.3809892,0.67823464,0.046735313,0.4430881,0.3241666,0.12273741,0.83983684,0.0013131619,0.0010073159,0.00037312284,0.010754089,0.019246738,0.12746872,P16_T11.mp4,90,00:09
90,409.93188244047616,269.7046665736607,15.253348214285722,19.162227957589323,0.5343030691146851,409.16984774501634,409.9759317733259,411.0044230484728,412.48837041564445,414.5420772573951,417.0273641820701,419.72264047143665,422.42804404550014,424.89212658236266,426.5678077493969,427.4517337144667,428.06921573957527,428.4875840264737,428.8357096092553,428.9834289880709,428.8919352961037,428.5628704993934,415.5719106821616,417.05935510805625,418.7580566937899,420.5053580072362,422.03947374163016,425.1211643978213,425.77922546177456,426.6688242961583,427.6757195375863,428.4425889487478,424.18938978800185,424.6467664183513,425.14162181443885,425.74170694894536,423.46850364948654,424.40793163022875,425.3492400595572,426.101847117957,426.7413010609134,417.1282128316363,418.7180944201521,419.9551458779473,421.20951336157293,420.0729028030127,418.8395217834932,425.35064354305024,426.1546723726315,426.9974861396001,427.95511691748135,427.0896459379907,426.26028176430015,422.67354126844634,423.83982645699353,425.0969693840501,425.8892659688072,426.4661607315351,427.1921454624273,427.56048175574364,427.33064077492674,426.7957710228062,426.1133943332191,425.22074456694537,423.9689716089567,423.0809489523238,425.12700173785714,425.902215296973,426.4937150597998,427.45117725519117,426.6276421980003,425.99248505265183,425.19076155435494,279.60112964329494,282.21870585189885,284.89159082307697,287.3086484393883,289.104657757106,290.0916959000512,290.5430364549093,290.4798056859001,290.17428213184166,289.30137707572413,287.8210021496897,286.1299361172172,284.36412088284965,282.53629196281446,280.630921950381,278.75338449585,277.0428019563479,275.5845586218203,274.826225241122,274.52784382815923,274.5671194365333,274.786301343986,274.72869615895814,274.2429544967443,273.77184456112167,273.6188432736038,274.06792201338936,276.57303519828685,277.67988546502573,278.64153275499314,279.6161005907499,282.4343379329386,282.34243854652425,282.1060297015487,281.9624522437446,281.72173700703576,277.66506322651514,277.144273538773,276.912871456688,277.4084148886285,277.8356926915876,277.95461461759936,276.83540026434656,276.2309018321374,276.1087137917079,276.4413386942513,276.9016799093618,276.98910295096357,286.1639788154582,284.9091138078991,283.7529284922619,283.788953062701,283.4987746269898,284.0799922285232,285.01962990943576,285.54630216666214,286.099639239666,286.3329793350899,286.42332447318296,286.2826636295127,285.98736467199495,284.8686485279704,284.7981042941969,284.6352494972044,284.91358604094364,284.97042849299896,285.0751538545377,285.14137387891634,15.285831752827848,-0.7242875004576709,5.294091707329733,0.46621644,0.31066152,0.51061916,0.3069454,0.1464944,0.0,0.30274332,0.0013679379,1.0,0.072714455,0.4136188,0.12674618,0.42663586,1.0,0.55569917,0.47245875,0.08212242,0.15547527,0.19451562,0.14537555,0.2262972,0.008089544,0.09240061,0.15762603,0.14931528,0.06759856,0.29867283,P16_T11.mp4,90,00:09
91,278.1098214285714,173.74105747767857,53.34419642857142,64.73357979910716,0.996303915977478,282.3466559879823,282.1306754131201,282.2523430349595,282.95179237857946,284.5670605696221,287.6141035186446,292.6295644517549,298.9355031847756,305.8993615217497,313.1878667165565,319.9392888251443,325.70995252850867,329.6109236922405,331.9579385343387,333.4510969283774,334.488898244877,335.2816280277848,285.71101633635135,288.3227899246019,292.4911034338767,297.0479986256885,301.13176407641134,311.38643583609155,315.6943100135228,320.6314712167149,325.2720231715899,328.5647928142647,305.5710638249932,305.3162088765048,305.086750061811,304.8167268846424,300.39023401045904,302.65275635528263,305.13744046705875,307.9304456813786,310.5878258180116,289.57546522052576,292.410083516428,295.7299855828105,299.0170463042514,295.8007938005173,292.4913071585598,313.10421458359974,316.25453900180923,319.7153722478529,322.9093215288907,319.5772098718397,316.16144608183197,295.6074382407486,298.8709502408622,302.43414124985907,304.7667240502002,307.24912088939755,311.37503188394277,315.5160601759975,311.5237184918821,307.65947333239086,304.9106022926071,302.3569018143144,299.0352264171674,296.97024061822316,302.39197024045126,304.7984657448636,307.3310089518027,314.21410202718204,307.5391507564708,304.96169551711466,302.5257247551386,202.47896713381667,208.56035264991124,214.91809995888366,221.42952513053217,227.17847363471753,231.87580458480198,234.86065362913968,236.40843338878923,236.97659837950488,236.57073713975328,235.43740283718535,232.75484881186657,228.15514828606544,222.46079799695872,216.11783461783247,209.4286967010051,202.6603770189837,191.26978504229172,188.25521071464289,186.88015244543553,186.99912071522343,188.23191896422284,188.386087618181,187.01514088348767,186.79373382388397,188.24166765332123,191.53892849923778,194.12758859616602,197.34557044465342,200.3061855119116,203.4005504637506,210.30200422619703,210.81820553239535,211.00154385689245,210.78241017954824,210.23432133033373,197.69509486436013,195.49512757252336,195.24975508201337,197.18450524716073,198.50453470139098,198.7561532054815,196.84592176895939,194.76593211011328,195.0421133288402,197.23408442686411,198.25397417662083,198.07951176615913,221.11464548222355,218.04058354710094,216.40059984790958,216.84089055911005,216.32986108179935,217.97128474409192,220.87647280721959,221.77722760335675,222.08470834158263,222.16301270160724,222.1067522783185,221.89018367993913,220.79567744993304,218.7600789365302,218.8135844464903,218.63526515736842,220.54863812110653,219.80561253077585,219.87534656378972,219.80736271100815,15.613799523575029,0.31565527223401874,3.2740856512100676,0.67122704,0.5837955,0.09126298,0.42939353,0.14835386,0.0,0.1339423,0.0015199317,1.0,0.15454236,0.57998013,0.6731472,0.5981634,0.0,0.4108849,0.67568535,0.007704402,0.2774684,0.25500864,0.1352112,0.68434614,0.00035604025,0.00045482814,0.00021332904,0.010733495,0.029265812,0.27463037,P16_T11.mp4,91,00:09
91,410.0994419642857,269.5630161830357,15.156584821428623,19.16704101562499,0.5314909219741821,409.0857217476735,409.8825532571832,410.91024724396794,412.42189758738067,414.52915140657484,417.0796260039809,419.8383193683022,422.6001775328516,425.14006235362297,426.88130157699146,427.7822064829516,428.3969646430671,428.7957075368535,429.10465427948895,429.20801170586407,429.09730607536426,428.7450556529363,415.68879946654226,417.1457276241636,418.8334360030437,420.58821730856585,422.14752815876886,425.0460834840421,425.78763792238345,426.75843987821287,427.8312022790735,428.62682359694304,424.2467551617037,424.69370830665605,425.17762182160897,425.7761796593099,423.48838073895814,424.45065274589496,425.4337314121603,426.2117060726617,426.8663542878922,417.32059843112864,418.8887476902854,420.12241656840695,421.34201555493667,420.2301020321742,419.00269283689477,425.37513085519925,426.1887347091703,427.06067452991647,428.03365352831116,427.15654802973995,426.30286356088277,422.8475844368761,423.9841651679998,425.2200645550972,426.01350745946786,426.5944912992817,427.34533792560023,427.74322124401607,427.51713647035564,426.9779469124348,426.2849386039927,425.3834524221838,424.1279678776002,423.263145944133,425.28048434095257,426.0544887777328,426.65575832210516,427.6084365356717,426.78415447984855,426.13662963563144,425.33272787878553,279.3525196465915,282.0285806733167,284.74646888434137,287.2012790492987,289.0405208323798,290.0664027876716,290.55594672694167,290.5420317508473,290.2339637766529,289.29937777387624,287.7156094681537,285.95144960583724,284.1601699349396,282.3080125863624,280.3942893514358,278.5096724078846,276.78901363979975,275.70264335197226,274.8799015400548,274.5014189885552,274.49004709429875,274.6834117956001,274.7184843900259,274.25174318941373,273.82784914770343,273.73936909281366,274.2582290763007,276.3839658223623,277.5287639295165,278.52708463560623,279.5487194385887,282.27668812441357,282.2245268425969,282.0126545376233,281.8431290007855,281.56326250178694,277.4039678434208,276.85335361029956,276.6167366392161,277.1425849567564,277.57299161855894,277.6983244251612,276.6429667118873,276.03348938801975,275.92229639062316,276.2826017334493,276.7405113797758,276.81748244704863,286.05368423758955,284.81108921076356,283.672565866721,283.71763256713,283.41195961394413,283.97689667590726,284.8836033728854,285.4357002707007,286.0030323536724,286.24267428975617,286.3322264147254,286.1667012621481,285.8732309889835,284.78019248009963,284.70598658590876,284.5334641882097,284.79200581497696,284.85037057135787,284.9672220972106,285.0321755604988,5.1886954946181945,-1.4367022572126056,-7.547940778459471,0.4311049,0.18596916,0.6175557,0.31988627,0.1526032,0.0,0.32767034,0.003015299,1.0,0.079524755,0.3449541,0.23378302,0.39229408,1.0,0.57920057,0.5346789,0.50853056,0.23362897,0.11457696,0.19219103,0.06869226,0.0029564758,0.11053294,0.194264,0.10211665,0.10368901,0.41774863,P16_T11.mp4,91,00:09
92,279.3347098214286,173.81092006138394,53.05997023809516,63.83432268415177,0.9948924779891968,283.52607180939157,283.33092096051416,283.48473660227444,284.1683638328305,285.6865586316206,288.6498865127689,293.6107597085117,299.91811531944063,306.9285769478102,314.2636454541069,321.1280544193041,326.99385281262664,330.9420847744154,333.3237314486248,334.89510168051237,336.0470450622193,336.938067439743,286.56089648363053,289.3398316504685,293.6491260129223,298.351057472953,302.5651985607348,312.41906768642025,316.84076714803905,321.90832907818174,326.6902964936052,330.1179648672627,306.8127749034492,306.55874367117553,306.32028177105,306.047190662808,301.605887996621,303.85142857366526,306.32862346308355,309.11244288008737,311.75233957334603,290.55026960660786,293.4327145789577,296.88337397080625,300.19297110418563,296.88236949776444,293.4462635505557,314.3164898676792,317.5246032633299,321.12270331746316,324.34581532194267,321.01771762144784,317.47789526688575,296.710604607615,300.03915660387196,303.63344879201946,305.98543155098963,308.50752181959035,312.7248658066395,317.04194026938075,312.8952929213287,308.91206877139257,306.12179104930857,303.5504907332324,300.1858256482291,298.09916987746635,303.6004701157422,306.0165656494992,308.5921760680821,315.6798428641811,308.7826332883823,306.1592624595546,303.7012438736618,202.2320476293474,208.36837800754859,214.75085907043174,221.25670768599534,227.01931473741814,231.79609998510318,234.88478153608273,236.53192556161517,237.14625670819936,236.87955541823925,235.92672598813837,233.39588767250083,228.8836669266688,223.18059773190595,216.78938688513216,210.0308402469686,203.2123608116082,191.36287769904038,188.29581058160593,186.94507970203168,187.17651485665115,188.58050335348082,188.9262566718313,187.43406859325097,187.11877706133996,188.5115736738799,191.86766649462865,194.30861588749056,197.4956718755557,200.41206347093214,203.4648442422401,210.51997296046432,211.03926269414708,211.2408102099862,211.0594617338606,210.52773023181902,197.65282853162665,195.34797382146354,195.17106785565466,197.3702131926337,198.66563869968323,198.8630861391971,197.21541933110427,194.91727632717507,195.16257777555808,197.53071200446192,198.62791160539018,198.47766526726824,221.31452424112456,218.329778255253,216.705933438504,217.19089758887623,216.68689867436171,218.36381619401067,221.25217842573406,222.26849055207734,222.51372351366203,222.5638010605828,222.46186530998534,222.216321874915,221.01733719434554,218.95308117241515,219.03204188507448,218.89793103663325,220.9519825256162,220.25515674758012,220.27914539013318,220.17872548067152,14.1929896458069,-0.23509487884768032,4.880459067851877,0.69461817,0.6012666,0.109832495,0.70308775,0.1528564,0.0,0.13748682,0.010759964,1.0,0.11772935,0.50980824,0.45685825,0.52250475,0.0,0.48216143,0.5932311,0.040607322,0.28955936,0.13992846,0.12666629,0.7869755,0.00054244575,0.00063817605,0.000202276,0.013066898,0.026020462,0.17255418,P16_T11.mp4,92,00:09
92,410.21235119047617,269.1492396763393,15.234226190476193,19.46754324776788,0.5565933585166931,409.5247855201466,410.2446703825049,411.2630018249715,412.81745394251425,414.9678739523992,417.57829064234073,420.41010325706947,423.2376689688384,425.8520791399893,427.7397857327839,428.7962592373243,429.5461077405977,430.03616413904604,430.3858095710818,430.4861144568552,430.336952085491,429.92391640517894,415.64900269228855,417.108242030328,418.8108045404853,420.5167701427193,422.0146709181781,425.27430818250923,426.09788292116383,427.1450898226888,428.3065161349959,429.18889168187593,424.36128392053166,424.84178826838865,425.35081231015437,425.9520178174091,423.71639657958826,424.7277387337249,425.7549448109501,426.59402144162146,427.28707980154616,417.4553657767047,418.96902047350335,420.21030248572583,421.40735126308846,420.311406624712,419.0766968688731,425.6381995372273,426.43517613150914,427.39837093792687,428.4771427716468,427.5224863288189,426.59290749986155,423.11933075839886,424.2754407836567,425.52958603835197,426.33688469546684,426.95276081569995,427.82154348825435,428.3786814594861,428.07371066173255,427.45273686552054,426.71252256604345,425.77862721276637,424.4709598413605,423.5329261944453,425.63540354340984,426.426810428892,427.06968014282273,428.20516414396815,427.22317853248745,426.5374916821592,425.7112782939606,279.40084633914137,282.20173732304147,285.00929664080195,287.53274372026374,289.423080608039,290.50552148743066,291.05251562651097,291.07641663939756,290.79067526127494,289.87162178952184,288.3265469729569,286.5576575855586,284.7154582985118,282.7172988105108,280.61995394820514,278.5568342502599,276.66461340848315,275.49254755994144,274.6362988208271,274.28277199797157,274.3234775185204,274.5503554291937,274.77658934228697,274.34771689121663,273.91539330933125,273.7764604043913,274.24644287611204,276.26569415512387,277.5091950000894,278.59521580981203,279.70352520172383,282.3889046024002,282.3535675849207,282.1566491378809,281.96611079227114,281.64280312072185,277.27918691307076,276.50405889398286,276.29081145316957,277.0271394883317,277.43053817999316,277.565043862651,276.49384752911226,275.6843161149824,275.58923909713104,276.09400022302424,276.56558398602493,276.65558421430524,286.2342997866302,285.0200266848045,283.92583511227275,283.98501883797815,283.67616595319123,284.2013713914472,285.01435393639207,285.6369304163112,286.2663854865979,286.52272437196706,286.60722381659417,286.38521243898464,286.0535780527798,285.04463365828155,284.9660534216813,284.7747645578108,284.9465065286488,285.07969915245707,285.2220288835513,285.2889294407986,4.523741398545363,-1.8130382022374933,-7.511756180265977,0.38808042,0.3850997,0.5753391,0.34168684,0.17389832,0.0,0.19076136,0.057925906,1.0,0.10963016,0.43801767,0.4975486,0.3769179,0.0,0.5026492,0.52849644,0.063982464,0.1726675,0.14265496,0.04597379,0.4657939,0.0016244808,0.049467172,0.026818637,0.08553016,0.019204715,0.35156086,P16_T11.mp4,92,00:09
93,279.0175595238095,173.85489676339284,54.30159970238094,64.41520647321431,0.9945454597473145,283.7587129198547,283.4373766718475,283.54828673400516,284.33693686765105,285.9854987792004,288.9813432336393,293.84483181535666,300.0585942519526,307.03824313376964,314.37176986787335,321.0904339776082,326.7976637446169,330.67413685698796,332.9985095186618,334.4582697693066,335.4930126177739,336.3034335592382,286.92525566572124,289.8129371812577,294.0507174729579,298.55584987315746,302.53620686242124,311.985059969062,316.1836088066435,321.12258395844674,325.91562178679607,329.50657376667283,306.53940701663157,306.2630314433182,306.0052188211081,305.690878810691,301.43065388848703,303.69832869057376,306.18370235617607,308.91081595723654,311.55059292362006,290.07208132316725,292.88836758174267,296.3030521544941,299.8791546949551,296.49892837767686,293.0724167770074,314.0782596171827,317.1913204230129,320.7178987238589,324.21571804213204,320.76898484990335,317.26041201267395,296.6860207174449,299.9464770681298,303.46999149146694,305.72923947857026,308.06520419409765,312.0914295029713,316.2344184926119,312.26678005051133,308.5144147102595,305.8752965927237,303.3922058614157,300.0812830711901,297.9966254214177,303.4971332995953,305.81210699868524,308.2025304091842,314.8888233860196,308.3549272157471,305.9205452258299,303.5594544110617,201.09157943720362,207.05740276963715,213.31813007147784,219.76151515353402,225.51433910374396,230.3839784771523,233.61453552995076,235.42311708315876,236.0726683297308,235.56385272584922,234.4207960482713,231.67041080014647,227.04308036801936,221.31391968831485,214.9920760930057,208.36812035330772,201.70701106739565,190.85823086089255,188.32215578168496,187.50177378281552,188.07134630806678,189.55560836411414,189.4352371403555,187.9060973416372,187.32048898831076,188.27567699024056,191.21974076294407,194.35251635352748,197.29082556531566,200.00343527705542,202.85846230861463,209.88285992773385,210.30832424136744,210.43149211722826,210.22734572843848,209.70066288097829,197.8471934696034,196.08456547169547,195.8433853273912,197.38151403591402,198.9251462056165,199.20865623655797,197.13762708253228,195.36342546010923,195.62031431173207,197.45791976925253,198.66142467678193,198.53207375788796,220.46316613976242,217.46416911662357,215.75568651493438,216.16136693379573,215.65062546405144,217.2212427925059,219.97384416857332,220.99129108295242,221.43917929408406,221.5602830840441,221.5365276668467,221.30732659250233,220.14451827149438,218.07893498696586,218.09284453012316,217.8987052720845,219.68719423910204,219.1113050581142,219.2176146966738,219.2175686233278,11.096194334921421,-0.03320420756580078,6.438472687065848,0.4201278,0.32873192,0.28855503,0.33662653,0.13747631,0.0,0.3529777,0.0015101029,1.0,0.097783,0.51740927,0.39398998,0.5351339,0.0,0.5131334,0.7810817,0.00444285,0.4665124,0.10747644,0.1818533,0.34906185,0.00046782766,0.0022164464,0.00032105003,0.040781174,0.11061424,0.49653745,P16_T11.mp4,93,00:09
93,410.03619791666665,269.11025390625,15.190922619047626,19.540387834821388,0.607545793056488,409.05910262972094,409.8095329614955,410.8401843610153,412.4045949006337,414.5687302727535,417.19558986153487,420.0517192953832,422.893855583074,425.5094180683406,427.3387717513201,428.2907864773081,428.952795625167,429.3816173501845,429.71030534003927,429.8058897652996,429.6595738958501,429.23652720877936,415.51691267685135,417.0110451137123,418.7446781017801,420.49134895080766,422.01688979528177,425.2175075103662,425.9684357504826,426.9543222200907,428.0581944480206,428.8510811620475,424.291748801529,424.7460312879877,425.2337033331461,425.834821610186,423.55651043943527,424.5527799576654,425.57374013910135,426.3989919435765,427.0884800413557,417.2554611558336,418.82863278581226,420.10319148742127,421.3330160071425,420.1993014243631,418.9300635285293,425.46627300023437,426.29147728503614,427.243693270817,428.27506305598655,427.3455530882314,426.4220389851402,423.0267834833823,424.147307163901,425.3937887267609,426.2167567916414,426.82429022458047,427.6570082083178,428.1357814958269,427.8946107678664,427.31741585107187,426.5934676043057,425.66110366087605,424.3562036478476,423.43629125646714,425.50503787256974,426.30369822690596,426.93865330662976,427.9862286980414,427.08576582942624,426.4071261935402,425.5755906110862,279.42120862761345,282.215657525483,285.0456916704874,287.584933367478,289.4986931713863,290.5794009562066,291.1130329112971,291.1106136008698,290.80047225998715,289.847681845214,288.2366614942489,286.4418210704794,284.60805364843026,282.6431319279979,280.59938625061517,278.610425166029,276.80867622034026,275.41120299193926,274.5634003071954,274.22287362931365,274.2814730735321,274.5251260056052,274.75978024895136,274.31273123511926,273.8795977985661,273.78132711412536,274.31315611690434,276.2734628384742,277.4831096663181,278.5306375380564,279.60313629930937,282.41828840073765,282.3707309911992,282.15609021732985,281.9799725245169,281.67226726571096,277.26577774153725,276.52546944959073,276.29850430868015,277.0334477692718,277.45167819768704,277.57733209388266,276.56670115202684,275.7985973452775,275.70511426792444,276.23347992510037,276.70766337122103,276.770595491537,286.3516427068788,285.0542787549851,283.86928904704814,283.9225907465094,283.5998986213185,284.17813477801394,285.10444834891905,285.68667056762416,286.29529835068723,286.54518614342834,286.63605493992964,286.45802248380915,286.14464840750276,285.03834009749613,284.9562652358353,284.76888398280636,285.0103482146315,285.07728107215036,285.20712159132984,285.2782809044999,4.0982190678939965,-1.5183408767867057,-7.411162256028595,0.4291317,0.284662,0.5748044,0.36656284,0.16821966,0.0,0.20805204,0.021755101,1.0,0.111412495,0.3782115,0.34217334,0.3861882,0.0,0.5621659,0.5802152,0.007895136,0.12795235,0.24801907,0.05396191,0.14938249,0.0018543601,0.07758141,0.1312567,0.1007353,0.09067007,0.44851968,P16_T11.mp4,93,00:09
94,278.8904017857143,173.7800537109375,54.35524553571429,65.17369210379465,0.9957453608512878,283.8020418587002,283.5386645963211,283.7275054338325,284.5530139949977,286.12723615417906,289.01203983056956,293.78932610799325,299.94887976782604,306.951513836195,314.3808041991595,321.3108853473846,327.28334626435094,331.3557728114179,333.8382303627419,335.4294067091864,336.6318068065948,337.60311345352704,287.3776808848092,290.16918292301676,294.4193137793104,298.9571180827551,302.96794410532704,312.95316560293907,317.31016797344614,322.40157054301665,327.29112178933167,330.9009372311458,307.2176530881131,306.839192928275,306.4628444667681,306.04274702328036,301.74947552194226,303.9767998252327,306.47386445540985,309.28353735475343,311.98443681290985,290.7379546506608,293.60816523295534,296.92960332817484,300.55864548029047,297.20593979885507,293.85932447916264,314.949951184454,318.1603106843479,321.5766656572023,325.07988927994614,321.54537709385056,318.1104037476311,296.97510273559345,300.22631870352905,303.6979833909495,305.9549227483182,308.33219627945937,312.39910350903403,316.57323187175115,312.4627201693529,308.645599348991,305.96018567859596,303.4567509915326,300.22988481660474,298.26753436880233,303.6912870230629,306.0111741031997,308.4393335040588,315.21496699421357,308.5104786253153,306.0359784008151,303.6628280422432,200.98979072588887,207.0585926349275,213.40694517800017,219.90353614696434,225.74898749940746,230.79676228822584,234.2224171245913,236.19048267648623,236.94594858141764,236.57896524562193,235.59855452177882,232.9152339033719,228.25373209205807,222.37652601769128,215.88117969211433,209.03404680018838,202.15454385702373,190.81831557083996,188.14755792594812,187.27685062964323,187.87091145981748,189.40107930315335,189.34040410342368,187.7302364567565,187.160357602504,188.29064763041197,191.46692161552227,194.2717930815744,197.3314971233811,200.13825886244263,203.08926637922656,210.23455429379453,210.73196879803186,210.8887472489621,210.72343809616453,210.19116891549984,198.08463456624546,196.6973093633303,196.3921666236942,197.38159751590524,198.9755381826816,199.30960606170945,197.23269714484158,195.99863788801673,196.35407680677724,197.87542959151685,198.93263294771606,198.71916029126092,220.899330103683,218.05378630222512,216.43699454225,216.9014143427622,216.44103613706912,218.05424313762566,220.83719116603731,221.69501150861964,222.06855835710894,222.14459814337124,222.06513675319056,221.73118541380572,220.59904473636698,218.69762587550886,218.774467454515,218.63867546249557,220.52689737418078,219.76105477943693,219.82071375347965,219.7630219686107,11.04663772369506,0.8240237591685697,6.11145724258789,0.43255463,0.25770524,0.1414983,0.34412137,0.13729809,0.0,0.36328948,0.009727814,1.0,0.14122747,0.538764,0.58934504,0.574518,0.0,0.5472835,0.76051986,0.0010101864,0.26902577,0.19076414,0.6680177,0.28349853,0.00047456907,0.0019037024,0.000261158,0.04476313,0.07064992,0.598449,P16_T11.mp4,94,00:09
94,409.8181919642857,269.05090680803573,15.383965773809507,19.679840959821433,0.5825119018554688,409.14767698477755,409.88959544279146,410.9085551513873,412.4650635515865,414.63185898912656,417.2794721352366,420.16585497155586,423.03364184685853,425.66939234355,427.5239984609762,428.4971101380638,429.1555192039624,429.5622754115944,429.86939380978237,429.94171972522844,429.7612976603376,429.3116332186832,415.5219321202846,417.02366259898326,418.78091264588056,420.5362596014681,422.06070893648416,425.2209680079932,426.0040492612543,427.02063221713064,428.14226243504254,428.91984696377335,424.3223415230301,424.7823124991304,425.2726301805186,425.87469817188435,423.6005322088421,424.597232646411,425.6151401650999,426.4450174764943,427.1432422530369,417.28773974382267,418.85013759227667,420.11937421849166,421.35480985977784,420.2220778066878,418.95797051829317,425.49052991266166,426.32551685530956,427.282042641196,428.3186713983621,427.37859637293303,426.44892078433617,423.1151383539346,424.1995316062319,425.42476769157787,426.2551897487836,426.8757636140034,427.71629654759874,428.22064389694947,427.9801632544568,427.40027078120903,426.6695780282218,425.7354431250765,424.44279087464594,423.5279078796699,425.54492566752714,426.34791477611026,426.99040234363173,428.05896277710264,427.1674771073873,426.48628584263514,425.6496534016579,279.5831720002634,282.3991686103563,285.2551512521349,287.81610547446843,289.7502487031843,290.8390224437629,291.36981600578343,291.3564352469139,291.05053724825683,290.09996566077325,288.47463559499175,286.6618524428011,284.80679448195,282.821701332338,280.751125318705,278.73305111810515,276.91288644902926,275.40976736117585,274.5559078617698,274.23033778278653,274.2963041075981,274.54172757933236,274.68679887857536,274.2376214706437,273.8209507484844,273.77851019352084,274.3908301743707,276.3038972298746,277.5265440131019,278.5849203743636,279.6685070650333,282.4591202094526,282.4206952193812,282.22109162691686,282.0506143402095,281.752192168436,277.3329572577706,276.5999862848981,276.37538772764884,277.1040915249993,277.5148249400988,277.63976457372524,276.64144186342367,275.88619050534544,275.80903718483484,276.35278148028465,276.8140643506903,276.8630239083379,286.3849906627385,285.0703163238888,283.89727871120806,283.9584112967015,283.64734736231424,284.2433091331902,285.19405807977506,285.7651980221318,286.36141316315263,286.59598887365945,286.67398887273725,286.4849902284448,286.17214003453665,285.07705033929284,285.00581673069325,284.8288461302194,285.08497519437753,285.13009760194325,285.24760504465553,285.3103577914638,4.032066431704167,-1.2904018261467793,-7.168234139972829,0.31681475,0.35353523,0.43755278,0.36902416,0.18265568,0.0,0.17484486,0.00787835,1.0,0.11909089,0.33132842,0.2747046,0.39086935,0.0,0.5785368,0.49772233,0.017296115,0.14765665,0.20538026,0.048162352,0.1405434,0.0018538008,0.09203989,0.15591367,0.11567025,0.103660606,0.39031842,P16_T11.mp4,94,00:09
95,278.64272693452375,173.2883265904018,54.447265625,65.60544433593748,0.9962803721427917,283.13631516436084,282.71018402009895,282.80356294119696,283.65264139083007,285.34099572643726,288.3383559767212,293.17662970497736,299.3330408887818,306.2590612465623,313.54755122130877,320.1642066116826,325.8260481924764,329.71972126567823,332.08589777360874,333.56988578442974,334.6570365496401,335.5044444810049,286.95176011943926,289.83195885251945,294.0676611562349,298.51299004029505,302.4133451865703,312.2251295433475,316.45287342295313,321.3230723507565,325.9648513676962,329.43559707851176,306.66181100065086,306.3333570773012,306.0148887238252,305.6613066394443,301.1823304204311,303.4786220166459,305.99203640931137,308.7091296803407,311.320379664681,290.23472503024266,293.0956072227281,296.3918142755353,299.93365555456427,296.6139673966591,293.3152522202159,314.2224265243273,317.3726016564303,320.71130603703926,324.07244041012797,320.6838926445567,317.32871301214936,296.3844776033089,299.67447886844775,303.1653177231541,305.40554841557076,307.75561099166543,311.6424283705131,315.5551622448556,311.6751724055598,308.04410386565166,305.41899702612454,302.9321349582387,299.6957075893637,297.7416071137756,303.1465595861378,305.4576770319845,307.86241154163173,314.1889926966248,307.88288477535326,305.4554434176706,303.1141182152155,200.2912916223827,206.2494765745307,212.47789131892205,218.82865744907,224.54777059015993,229.4676064343756,232.8793537570222,234.96880140585068,235.83436918468328,235.51739772819508,234.43766575338435,231.65566158570815,227.02823682546207,221.2320921453455,214.87811167527107,208.2536902519362,201.61143745382665,190.0637194918297,187.57930689174188,186.87132388748054,187.4968602457442,188.99651640403172,189.0679075976691,187.62517810334975,187.23776802403444,188.43513545522057,191.46614069422415,193.8994241733791,196.86385503616793,199.62126833028975,202.54957188929168,209.5290183306241,209.9917800457636,210.1556644573441,209.99502254049236,209.54884869636035,197.20036827166913,195.8284786061093,195.60570842556888,196.7672864105954,198.1618101909515,198.4185186394019,196.8345341558312,195.60296802481403,195.97127272455165,197.56575425690417,198.49410255234486,198.24850586585933,219.9541175152437,217.03820441547666,215.39868927688394,215.90620305024086,215.44322548161728,217.16576913212137,220.03936556406785,220.8149036701565,221.16731733024295,221.21505848996864,221.13025153304682,220.77730762418417,219.6530441371072,217.91805137153017,218.0077009544434,217.89158585739088,219.71035323713966,218.63247009434505,218.68045526235713,218.5960330877331,11.707455271632469,1.2259890865029597,4.002361371478688,0.37892783,0.23411745,0.17301135,0.31680387,0.12175137,0.0,0.52758586,0.0034945651,0.0,0.070826404,0.3468763,0.62876236,0.5214576,0.0,0.40084627,0.77135646,0.0031716696,0.2534059,0.25308856,0.75592697,0.28787056,0.00042902862,0.0022479396,0.00035657216,0.038814273,0.09785816,0.5724235,P16_T11.mp4,95,00:09
95,409.8728794642857,269.2204310825893,15.252232142857167,19.53641183035711,0.5328078866004944,409.0085180665042,409.78398858194873,410.8327268600988,412.41054912123366,414.5979348671057,417.2540082017958,420.1373009262939,422.9904443610659,425.59601316393486,427.4408126536158,428.4167324181912,429.0668732892389,429.44652573282696,429.73011853732834,429.7793947958055,429.57543714246714,429.1121866544243,415.2832506081771,416.77960963100196,418.54455318773563,420.29896908647913,421.8227239148159,425.0074242980386,425.8131478566743,426.84361609284036,427.9673492619635,428.736993164466,424.0937971357389,424.57330442933767,425.081052228376,425.69151945120785,423.4477728668201,424.4373182211304,425.4372277431223,426.2471098244789,426.92902790157325,417.065826664559,418.59215541724114,419.85400995005455,421.08895984695823,419.9732349082495,418.7158742628925,425.28825733023695,426.1063963708534,427.0677040144302,428.1078167814495,427.1719060298255,426.24080357009746,422.94916375682556,424.0197290391861,425.2258375688323,426.0492544119745,426.6681253161381,427.4956336090541,428.0097896692476,427.7728419074024,427.1937550423467,426.47166725669854,425.5532318025029,424.27909733095606,423.36421255089806,425.34765880902165,426.14275410024646,426.77845472472256,427.8348326814161,426.9642453908654,426.2923826664254,425.4649749829301,279.7125109832135,282.51399287782675,285.35773072911957,287.9027326607478,289.8125174520604,290.8642016998093,291.3515760911629,291.2871120022244,290.9507369804063,290.00338609924074,288.3993044299739,286.6023307462888,284.75574963145027,282.77572688833544,280.69873203458263,278.66930307915567,276.84137383302607,275.3948493112278,274.545134283406,274.2256525614648,274.28792909418036,274.5184881578133,274.5534450407589,274.08491185945456,273.6627404074725,273.6407855454566,274.2777996818136,276.236574274225,277.4533732534935,278.5075496804335,279.5861769913014,282.3673672233841,282.31567074939875,282.1117927451851,281.93465448921944,281.64169802183085,277.3476229709024,276.59474031841216,276.3666161424946,277.09640124750024,277.5165804233502,277.649797077783,276.5458539214401,275.7635814406144,275.683452325143,276.24714874354294,276.7157175573504,276.7696127663832,286.30978929276046,284.97208783294275,283.81603388743076,283.8715786717566,283.56101415839845,284.1474678688117,285.08793538878007,285.6520384369218,286.23213558824335,286.46213012123815,286.54953735014755,286.3866395192653,286.0865006571236,284.9817365558552,284.9067853321654,284.72627246854825,284.97444097550385,285.0138127954577,285.13478165027755,285.2052166288619,4.086975097740837,-0.8082152037824861,-7.108584214167448,0.38236332,0.3488775,0.6226691,0.3747271,0.1847239,0.0,0.17235836,0.009312582,1.0,0.09101939,0.40891683,0.34727567,0.37377977,0.0,0.6279867,0.48453638,0.0080450745,0.14984173,0.20029092,0.039188165,0.14085498,0.0016602621,0.1265563,0.17645316,0.12481867,0.08388629,0.3457704,P16_T11.mp4,95,00:09
96,278.5694382440476,173.53487025669642,53.84793526785717,65.08336356026786,0.99666827917099,282.5492967041015,282.382547801942,282.6305961332486,283.4446808877321,285.04862163527713,288.0716853608347,293.09715107028165,299.4342890005806,306.4426191346319,313.78029237401205,320.51943758206227,326.22849209292076,330.0614335038164,332.3576995584647,333.86831552541565,335.0208360079759,335.948774643946,286.45778148218193,289.3930704998302,293.7394396034122,298.34183824997456,302.37979136230103,312.7237884980302,317.0111957893888,321.90325725647074,326.49901536733614,329.82198784336,306.8516603061357,306.58517768015,306.3280332347518,306.04164529461264,301.450698255351,303.7157866108546,306.19057670614484,308.93071357694055,311.54036729625795,290.16751104672255,293.09188612399834,296.48061689462736,299.91992792506335,296.5853176367421,293.19454559383604,314.4044887641451,317.595004315725,320.9935294691836,324.2167193425696,320.90799620392266,317.50946174021425,296.29121848217466,299.7828461340124,303.42425475767993,305.7577338809304,308.24236491029933,312.33950793597035,316.51812495797293,312.4034460767322,308.4955618097663,305.74216481563894,303.1631092324139,299.76602018499284,297.67553625494946,303.36496708671217,305.77520921987616,308.3072387311699,315.176662265202,308.3761997517193,305.7985593264696,303.3475871778272,201.71177183606946,207.84177067284955,214.2041114494597,220.66494535910516,226.45194993673158,231.34569190390923,234.59613287857084,236.45377444285535,237.2435722468554,236.97274638932032,235.91974782240246,233.175458580179,228.48217094713655,222.6323454587288,216.21534886044518,209.511182261036,202.77883819049242,190.77440221985802,188.03766824537806,187.05873038835833,187.5537493895528,189.04870086115153,189.24111113942678,187.7516713357321,187.40648218517916,188.7456615391773,191.9321829935767,194.40626783744173,197.53379256618078,200.44777740463738,203.51332147264296,210.45094025917533,210.9859677314858,211.20671841026765,211.07823230737952,210.62791414321933,197.72479699673048,195.94213087439073,195.7713389962391,197.4146027477558,198.74103404216336,198.93874650772128,197.46584869042613,195.80509097946398,196.140108682069,198.1024765916553,199.0942300075769,198.86000506971712,220.98562760452222,218.11628774160087,216.6044055806719,217.15479496521493,216.7484258354146,218.50189035913775,221.3975270227263,222.42092365028455,222.69304363254707,222.66623011301388,222.50294229623162,222.08897134743864,220.73611290886615,218.9503325079556,219.10586023149796,219.04553446767318,221.07721718730272,220.33070273479913,220.29629205139818,220.13169614451374,12.108992165001565,1.1266343967355443,4.200309119790663,0.50458497,0.38709995,0.11736041,0.28446633,0.13932543,0.0,0.23021351,0.02744641,1.0,0.07416221,0.34241116,0.40035978,0.5303348,0.0,0.37201762,0.7308361,0.0074699568,0.3680319,0.2453939,0.31460187,0.589148,0.00066448696,0.002705178,0.00035291948,0.04819413,0.048317157,0.31061813,P16_T11.mp4,96,00:09
96,409.8598958333333,269.2844029017857,15.139955357142867,19.520633370535734,0.513128936290741,408.79872842195664,409.6387000489818,410.7279056032714,412.3185159703286,414.53980722768284,417.23976543274307,420.15555690801705,423.0194060393895,425.6187236842759,427.45849799284446,428.43445612688083,429.07666634099826,429.4248512222618,429.67463020066594,429.70517400785883,429.49306795895166,429.02065260645065,414.994799792743,416.5027760089087,418.29477221315125,420.09192956126327,421.66235261636683,424.8684163730349,425.70323715334627,426.7580959339573,427.8979233528261,428.67460813734783,424.00044922306,424.5107860330193,425.0447581313384,425.67331047738304,423.4043507193262,424.39814981004156,425.39483350057685,426.19432281988,426.8669455960872,416.85182724747546,418.3678450186571,419.64146425414896,420.89565083703025,419.7847531898306,418.50950735279457,425.1948676237095,426.008010622412,426.9812335526501,428.02873143768966,427.09534837737476,426.15258129218597,422.88768342747755,423.96937205810764,425.16387423222716,425.9869932549922,426.60900428924776,427.4121573016427,427.92616338959164,427.6804893112216,427.10282934825335,426.3880866675122,425.4796429692415,424.21687100190104,423.30170169020704,425.28167788208464,426.0734698157116,426.70599721291165,427.72976347010086,426.8870735684995,426.2172209017032,425.39373048322074,279.9949431980714,282.8080884366752,285.6580339644627,288.19896848182265,290.0808487326802,291.07066020621954,291.4849186195633,291.34902688129006,290.9764946371709,290.0171013106193,288.4050316710876,286.59346947479463,284.72196456820706,282.72157278166986,280.6253692773969,278.5790801009371,276.73394778084446,275.6684846751452,274.78971772865196,274.4206606873168,274.43309336838956,274.6202565646913,274.5396225053982,274.0624146122961,273.64289976276063,273.63552490494425,274.2850181751171,276.26287629442606,277.4717581846856,278.51825846731896,279.5889406602045,282.3590361087563,282.2978940416151,282.09592458258817,281.91001589400094,281.61758086085416,277.5117048657832,276.72277658860867,276.4744608534819,277.1965309204065,277.6380087304052,277.79435445951185,276.55432000817683,275.75644542250944,275.67319204605167,276.24330471747754,276.7260207162377,276.7856974457647,286.299673122759,284.9499177652052,283.8062004648755,283.8597121651165,283.5535815658354,284.13812212314656,285.0709704294774,285.6239688790772,286.1810820022828,286.406660221404,286.4965812679683,286.3589177208028,286.0670230265381,284.95295734594475,284.8798998989085,284.70298429233486,284.95485341881766,284.97047577476394,285.0925672300652,285.1683179941647,4.450583027883381,-0.5480447037162319,-7.1330447192938555,0.39776582,0.35185555,0.29672033,0.33656526,0.18140918,0.0,0.18057844,0.044210736,1.0,0.08783918,0.18522555,0.3166231,0.33358556,0.0,0.5595173,0.51827,0.082854286,0.21092303,0.12095177,0.06560859,0.20863427,0.0018851127,0.1655028,0.14788057,0.11593858,0.07276785,0.28739083,P16_T11.mp4,96,00:09
97,279.0060267857143,171.65689871651784,52.87961309523803,65.07633231026787,0.9969382286071777,281.9950030683094,281.8661049484424,282.15185568428154,283.0103413666302,284.72832278430246,287.8089098842051,292.8475382043649,299.14214179855884,305.9723341283533,313.0874358710595,319.72954423488534,325.4819960764521,329.3590727845664,331.67806597742714,333.18160197740684,334.22841715703487,334.96324233292734,285.6934097834598,288.508985979521,292.78106322020386,297.32812854699523,301.3825556627352,311.8264941153463,315.9428509768596,320.6475194774214,325.2090630059586,328.59957345742663,305.85119526336825,305.60835665144657,305.36445445839684,305.10394690134507,300.73843045122754,302.97721752501315,305.4329448938859,308.1334565066784,310.7519094608378,289.25135397037224,292.13970518147806,295.4951058191641,298.94853977820367,295.6427318106673,292.2950206085331,313.8780885832772,316.9316230200881,320.25112255825144,323.4322541480791,320.30092235908046,316.9790443090727,296.01323041300276,299.4748448702156,302.9664746574262,305.25356739837724,307.6402155220773,311.6351705324623,315.7326063555263,311.75982130974995,307.9740915584792,305.3020639050449,302.82916563559655,299.56053646132335,297.4272789776298,302.88638955852315,305.23270305524085,307.7016425686742,314.4121552574821,307.82485972238436,305.34621764938214,302.98341049959055,202.73117104513935,208.70674219250463,214.96029667523857,221.2917741849543,226.88417684888717,231.47702271040646,234.4071957002251,235.92114408962942,236.4737035770593,236.13583852959928,235.15452784544436,232.55706258190443,227.93587472699815,222.2208320824837,215.94058799717445,209.3204447945891,202.6132601605146,190.73217923619984,187.97177892938308,186.93127076257153,187.25001229552493,188.59540984020367,188.64732749404487,187.0614070118918,186.6345735194327,187.7926318376636,190.82682632004477,194.32255915655256,197.633415061653,200.74941918038996,203.96640765083131,210.72915218046566,211.22176013647413,211.39705785579565,211.16374492780673,210.67768602495897,197.63296356331855,195.6563410920184,195.45597357857923,197.28033405485945,198.42871308663146,198.66442081764183,197.02644769760946,195.1027156961495,195.25754238789403,197.25437988256087,198.18680074448872,198.08351468220295,221.39517661279018,218.52329810895924,216.9516417159398,217.41035471450954,216.91692754502824,218.49925698630463,221.08920038068484,222.23355316442272,222.59668815474657,222.66982623030748,222.5641988931533,222.3840277845928,221.1559383509892,219.296454097061,219.37083030207515,219.208579488233,220.8966014313716,220.31065899492359,220.36390787065812,220.27355700292358,12.445527788507794,1.3982250849849107,4.858948969735325,0.6257268,0.3153432,0.31224838,0.3397832,0.10879292,0.0,0.115686834,0.020277964,1.0,0.058891453,0.32228962,0.5480694,0.57355624,0.0,0.52470505,0.6529118,0.03790497,0.36472127,0.23137073,0.10194473,0.26088348,0.0011322554,0.0023956662,0.0018769237,0.0693272,0.14598851,0.51839596,P16_T11.mp4,97,00:09
97,409.7356026785714,269.42425362723213,15.119196428571456,19.30565708705359,0.5373007655143738,408.8231469988285,409.6351399383647,410.69973765283316,412.27214885165813,414.4645180857174,417.1226308472543,419.98706787547246,422.7898624592214,425.36065935614187,427.1998359281839,428.19027691616407,428.83886545796463,429.1986827392184,429.4704557584306,429.51284503645564,429.30609063556017,428.84177214342435,414.8834729528067,416.36191743166285,418.1107423443221,419.85925242359184,421.3873998429611,424.5465664917064,425.3937196237318,426.4651804989633,427.6152005899548,428.4145377105315,423.694163374827,424.1781382410812,424.68479353901046,425.2844986737042,423.0572996150875,424.0397606813234,425.0290238057895,425.8327188832835,426.51345080946953,416.72260464728225,418.2092948611611,419.45200162584064,420.67494845278674,419.58843357048545,418.34483201617275,424.9075243535729,425.7073185349036,426.6697200193469,427.72672755647534,426.7850139397554,425.8540888900173,422.5709565941713,423.6267724593037,424.79749422650053,425.6103664211277,426.2332228567325,427.056360276874,427.6157694994129,427.34837100729646,426.75864388169157,426.0411441105002,425.1367023483784,423.8907312585555,422.9764012424777,424.9191331443852,425.7035902447652,426.34075779110856,427.42086829946106,426.5425300917006,425.86773719362014,425.04830044665306,279.7841269610673,282.5511396254253,285.3532175489588,287.85460749198484,289.70707610879424,290.68868519169115,291.11169975248663,291.00982491487986,290.6670279685318,289.73568728348573,288.15330981278163,286.3656499253626,284.5264084534552,282.55460831610225,280.47825449563567,278.4412783232712,276.6026471862679,275.527118332241,274.6835305502665,274.33449838387406,274.35273455561935,274.53493333298496,274.43670807716916,273.9555805199021,273.5356386915623,273.53136979935385,274.1851872680735,276.139498272557,277.3216838415052,278.3414547356646,279.3845088017382,282.10614610384,282.05266723392566,281.8598704466297,281.67956619299366,281.3951846488728,277.35053459335927,276.5863538679391,276.3487112736714,277.05810339466,277.473690372991,277.6221094608548,276.42076807526047,275.62877292455994,275.54343719626144,276.10391174318625,276.5641042609023,276.62952125392457,285.9620804689109,284.6538193168134,283.54494712131566,283.60182011610414,283.3011942737656,283.87095571525543,284.77569435974016,285.32159198264804,285.8703590081143,286.0889859418282,286.1708923336235,286.0178915914341,285.7350745483232,284.66366338362684,284.5945546929435,284.41960813032114,284.6599709955417,284.6874719682808,284.80675930168195,284.8765694632506,12.445527788507794,1.3982250849849107,4.858948969735325,0.3776666,0.34795514,0.5307783,0.32639197,0.18093461,0.0,0.20732501,0.017864192,1.0,0.07530007,0.20187156,0.2514547,0.3980291,0.0,0.38917485,0.523431,0.03409701,0.16559228,0.17795606,0.052883442,0.12005219,0.0014882322,0.17585373,0.16541125,0.13982545,0.08844793,0.30892125,P16_T11.mp4,97,00:09
98,278.3033668154762,171.60581752232142,52.593098958333314,64.61346261160716,0.9963849782943726,281.6157919353376,281.3919973829946,281.5888947181307,282.3846941800444,284.06290607156575,287.08785515851673,292.07477022473466,298.37177618331657,305.228110235868,312.3574210032222,318.9989123779545,324.69885788348006,328.4942724425811,330.7420340638378,332.25589448411915,333.2821619660128,333.94190633755477,284.9953348470878,287.80018081678924,292.00321761899477,296.4639801365559,300.43782676767455,310.75592741581414,314.83675287578257,319.5178391879338,324.0982689037334,327.50845245982754,304.87712928040753,304.63278516168805,304.39128096392625,304.1325570013341,299.80108136545056,302.0668830704473,304.5619465800132,307.3003143674271,309.9369395024682,288.53232815282814,291.4114418683226,294.73977839405,298.1604782074903,294.8803833659234,291.5577659649888,312.8451156149395,315.91378769977547,319.22245967924596,322.4149606365634,319.2854647930229,315.9714688282909,295.36213702012884,298.7342901294196,302.1957355297164,304.47888640196317,306.8528454221306,310.8705733380224,315.002512753714,311.018928590524,307.22193809481337,304.53792625588386,302.056276693559,298.81918967043333,296.73145493777037,302.09280052647756,304.4431551588643,306.9040980233032,313.71477844008507,307.06945582943104,304.5957021254564,302.225909401047,202.69880457055456,208.63319490970378,214.83794387541744,221.13376903692094,226.67382398854477,231.2323015081703,234.15724447700362,235.63196066537043,236.17276572728395,235.79766970663695,234.80657195377165,232.1213053735239,227.4016247897412,221.63173265493276,215.34005761388488,208.70090934724945,201.9876458448155,190.3275450541049,187.65517712217755,186.74512456682928,187.1649730278239,188.57768466040775,188.58263199219815,187.02727036736042,186.5344528062833,187.54685112170992,190.47292867247182,194.17167038113743,197.42984306637763,200.47065665889,203.60603106949011,210.38554861073484,210.87361756516586,211.03959003278655,210.79926201058817,210.2852848431568,197.27337936583658,195.29071939785,195.1146720275642,196.99623866603312,198.10216720170607,198.31486780733005,196.78322379739024,194.8477749157228,194.97158761290186,196.8981354567101,197.87821782861104,197.79903741239005,221.19006371094113,218.29071007057425,216.6855747293588,217.13872813808564,216.64987352610734,218.20135769987345,220.75480480823234,221.97573512276736,222.38940692898586,222.4845500579616,222.37501090981067,222.15844671766007,220.94733712246608,219.00686003249604,219.07138100318775,218.9145776212954,220.57510644110917,220.10312035882248,220.15832435530643,220.07243812084366,12.872725629844966,0.9491400834984088,4.0713077183052135,0.63410544,0.4267456,0.19329329,0.3303196,0.09334225,0.0,0.13059795,0.005031676,1.0,0.05807164,0.36013442,0.4380284,0.50551444,0.0,0.4062129,0.7009913,0.031517684,0.3452926,0.365841,0.103938706,0.40299952,0.0018665841,0.003119286,0.0017619125,0.060842182,0.10268859,0.42672196,P16_T11.mp4,98,00:09
99,277.8527715773809,172.07520577566964,52.33844866071428,64.49812709263392,0.9966465830802917,281.3568178374799,281.1775740180007,281.3905915545338,282.1959904464652,283.9231440139,287.0271209166108,292.0659025421444,298.3714891929243,305.29918392895706,312.3858517956651,318.7959888834876,324.1697235738028,327.70415390465524,329.80296367754636,331.29945166110633,332.32626307954604,332.9438962972205,283.8926295689536,286.77807608280534,291.00576028014325,295.54203964957225,299.621190536163,309.86068863438527,313.96540623862546,318.6604003958592,323.25754257762134,326.77812388530816,304.1364703208319,303.9720027908927,303.8192506488047,303.64170451104593,299.28509107489356,301.6283139629831,304.18241844565847,306.8701623112696,309.4495959284189,287.19822001577063,290.08210839918456,293.47925256068805,297.2065658306031,293.7731198825272,290.36683914861214,312.22128738714946,315.3521677012014,318.6951382854119,322.06223624842187,318.8243004941363,315.4580605985177,295.0307076032148,298.3433367399369,301.9096170561109,304.26585857956803,306.65551629199916,310.7532586387356,314.8907950140618,311.08064825465635,307.36331117148205,304.67422945886295,302.10223473240467,298.6753903673235,296.37711683207004,301.8730869128941,304.29014280939606,306.76487375173963,313.6336524734993,307.1501460104516,304.6750367803333,302.2355327336901,202.78263528864676,208.73958131577353,214.93817249877185,221.22389904138117,226.72024971661267,231.26026121786745,234.13514220030504,235.5799616097628,236.05324574853918,235.48903414587397,234.25751829541306,231.34402428036515,226.5143181559565,220.80874666173534,214.68807814705494,208.3097264588363,201.85157911648858,190.4078088074804,187.9081639245619,187.06713101624572,187.43117072028747,188.79400086784958,188.6882648215618,187.315894440853,186.94698543502864,187.95155168701112,190.706374740277,194.12528659525387,197.37481779248634,200.42455537887005,203.5825547744273,210.33866371178524,210.7909897851914,210.92844203209995,210.60641303074232,210.04515391802582,197.39548291549443,195.80128596769472,195.58413955849903,196.98173758183978,198.25945528673233,198.52859550525116,196.82928991527774,195.39713391974058,195.6052590881633,197.18281137387726,198.15007476066413,198.0030868938744,221.44892490812745,218.2730560284822,216.48492662370845,216.8751765959432,216.28883054519386,217.75408672101528,220.33022185330006,221.78911172266956,222.45927158183758,222.67486793381022,222.66044686571703,222.47705572051294,221.19704983591018,218.98395102241116,218.95202722484086,218.69443170334802,220.21454421976316,219.98119602197397,220.1406812251247,220.14692297340687,10.350937144686347,1.5138021644491757,3.581155176433173,0.48364067,0.30045503,0.20577353,0.26103157,0.0935763,0.0,0.3084919,0.00084640237,1.0,0.06717314,0.25336325,0.42958248,0.46463275,0.0,0.43877685,0.7720584,0.012773286,0.445128,0.498915,0.30477366,0.32165033,0.0010540092,0.0042603537,0.001106606,0.08922051,0.063709676,0.5189985,P16_T11.mp4,99,00:09
100,277.6407924107143,172.55235770089286,51.61787574404758,63.90795200892856,0.9965676069259644,281.4617606663481,281.3249307678404,281.5298282155791,282.2017295717827,283.79821894758396,286.82928071941717,291.8172822461131,298.0826599439886,305.0086919223251,312.2022950551699,318.90966614538536,324.59956199210734,328.3287092541098,330.50695310845236,332.07139597490095,333.29033580538015,334.17201877938186,284.1052851421998,286.89894128059535,291.0324827390344,295.5444890961453,299.68976901851727,310.0702736880896,314.3507265022809,319.2505889863155,324.02051929071877,327.62445627077017,304.34381398895357,304.1540330132656,303.97404323296087,303.76251775846885,299.50678976959415,301.75165443491426,304.2217714466853,306.87802401943,309.42056250835105,287.6694882446278,290.4544296706059,293.82868952496676,297.4982165435592,294.13418442013676,290.77387313380206,312.3251375317015,315.42103854663134,318.81819480513553,322.20332919442495,318.90341751602546,315.5123773263461,294.8571764349768,298.2552811869646,301.8029690751443,304.1493659682206,306.5616385906462,310.64650976297713,314.8238990466795,310.6906798474723,306.8743534639245,304.22391069945814,301.7315029480575,298.4304096524747,296.1893366755628,301.7713191046336,304.1589926056983,306.6353513902499,313.45623543795995,306.75527753501,304.29241706977064,301.9120229705024,203.60782235134394,209.66764894091125,215.96112033011522,222.36593342667047,227.9724486968347,232.58748430153756,235.47777021341827,236.92995259087598,237.42209957600105,236.94076313106342,235.77370932243096,233.04119787359878,228.3556446352927,222.74140885672398,216.60194995400428,210.11639834948681,203.52102034166555,190.95621745814037,188.38064168414334,187.41503646381133,187.66079226819497,188.97603732740106,189.0311573691982,187.57415938747513,187.22212660239046,188.3723155112252,191.3054550443563,194.5597956105365,197.90612861700092,201.0182842961619,204.2478817528137,211.20758639258398,211.67488056291026,211.83556678667733,211.58174993044562,211.06795900968103,198.05959943371258,196.44470357051185,196.21184270645324,197.56934715002842,198.91128487283896,199.19378965728052,197.47374814897975,196.02009389247743,196.28203350977174,197.95501831364984,198.8896706490435,198.71183383467041,222.4362865023681,219.39332285145963,217.67055699561055,218.0946501446635,217.52885435467584,219.0453925863826,221.62013414321933,222.7398089881973,223.15193512067063,223.2954113301435,223.24795008753622,223.1720888930539,222.16916331104736,220.15046291723849,220.14917845136418,219.93739699790785,221.4868833791584,220.7565708230456,220.86299864849343,220.85411709264386,9.350553087086865,0.9155504738551272,4.59174833403073,0.56865567,0.3277776,0.129439,0.27617177,0.07943532,0.0,0.2062734,0.0022914861,1.0,0.0667613,0.41590333,0.18146315,0.46482787,0.0,0.4130581,0.69130474,0.0021936032,0.17532305,0.3612873,0.29845178,0.218488,0.0011008235,0.002551747,0.0012658534,0.11424491,0.05613331,0.60621536,P16_T11.mp4,100,00:10
101,277.2124069940476,172.37571847098215,51.878255208333314,64.35855887276784,0.9958391189575195,280.93474339563704,280.6583024507757,280.6905070175792,281.22649831171253,282.7941129117441,285.801907131089,290.7548898686732,296.97446588184084,303.80471569924447,310.8793445964743,317.42253369548655,322.98067550445506,326.6885692022796,328.92207743676914,330.56107629474286,331.8612781383984,332.7869614928364,283.7091465713136,286.4824610705967,290.58367536643067,295.04548322086737,299.1019927353246,309.1922414327406,313.37266211489595,318.13684811140024,322.76702333763825,326.24714660015155,303.52351495991843,303.29890237664085,303.09574569471715,302.8581380439601,298.57637148662667,300.82334202180476,303.28755068113816,305.9483402328471,308.5090221924641,287.1283361787701,289.93041429092784,293.246888546559,296.78697647308974,293.4848529517367,290.17475654449123,311.4020335539981,314.452182578826,317.7778610985114,321.0880173484339,317.85314318620505,314.5377345905531,294.13191340524344,297.49152732608314,300.9610906577435,303.2559583509534,305.6241862612678,309.6720876367996,313.78468815275767,309.85046945043626,306.11323903102243,303.4770310097209,300.99089461254187,297.7020837851848,295.4733629648571,300.9025023752976,303.26507745427494,305.7085045931917,312.5253542542253,305.97689439635224,303.5251076957838,301.1515169609516,202.1762814966526,208.11715405143914,214.332382263957,220.7046882970917,226.27758362758755,230.87871213905564,233.85080789991554,235.5143238423369,236.16842731860083,235.7569260549838,234.58425355934486,231.76087605745016,226.97394524039467,221.28234965838442,215.14633473711223,208.70962417365337,202.14482956659472,190.35680499416227,187.75998726418973,186.79580895693667,187.0859469699118,188.44051358400029,188.60269184201258,187.2494072421972,186.94994297817232,188.06866499883458,190.8862976037352,194.2439136998189,197.59851004235446,200.72607707811736,203.97146053508789,210.57169811843346,211.0719828983368,211.2768059686515,210.98206237118708,210.4077429932419,197.3614455789735,195.77798993184183,195.59120252372497,196.99322438069186,198.2949199896315,198.53154253785905,196.96152847664308,195.48191138235154,195.69940268706347,197.2710831366704,198.26286502952055,198.12977951910662,221.59056246146162,218.61711333544443,216.97398533275617,217.37722830694418,216.83904469935456,218.26573094582017,220.74504527781875,221.98193817246786,222.44031466532448,222.57545323988856,222.52190785380247,222.39365579037877,221.3451706594089,219.36495806362183,219.36951991692402,219.14849329098493,220.6044333999486,220.15864228239798,220.2620043954634,220.23480359711553,10.08822365825257,1.0897328172019294,5.828190289537279,0.6236256,0.47154945,0.25016844,0.3310927,0.075900525,0.0,0.110137135,0.0014742384,1.0,0.06336904,0.29666656,0.47017708,0.47598168,0.0,0.40879828,0.7732565,0.04869164,0.43026975,0.39314777,0.13488694,0.2228019,0.0011046936,0.0017771618,0.0013830825,0.056654435,0.0652068,0.65107197,P16_T11.mp4,101,00:10
102,276.80269717261905,171.94237583705356,52.382161458333314,65.22325613839286,0.9959557056427002,280.7651655970216,280.6701963627203,280.8917037715539,281.5680182824746,283.15535703335854,286.22464689743055,291.2881005777497,297.6148110363052,304.5245065649619,311.67231270302585,318.3127018925095,323.9171194771058,327.5913531820293,329.7659479302763,331.3942511948544,332.6470347544092,333.4270166360374,283.47319122956094,286.2720726173047,290.4952196094156,295.0888712909227,299.2271012393578,309.22988346437825,313.4395528935621,318.2855928173385,323.0623555484993,326.69937083977374,303.775123276355,303.62515798114805,303.4799977706815,303.3087991325662,299.0221130587432,301.27616198248063,303.7448559076216,306.4226316656681,308.9835552270388,287.2860457978298,290.12797351389423,293.50637494582566,297.0868628470043,293.75280348347763,290.38566367733574,311.8204865879995,314.91870726082607,318.29945292099245,321.63889817804596,318.41742941419494,315.0461399741923,294.49153861099734,297.921454749963,301.4228616861164,303.7356795953068,306.1449304235919,310.21076920459177,314.3787836807208,310.36863256627,306.596538412222,303.9271645547749,301.41619288161513,298.1068143926699,295.8312732112637,301.34488868966,303.7404240333465,306.2231133509351,313.10301035650537,306.4584365446799,303.97868625950537,301.58365708251233,203.4462849356813,209.4982005286589,215.758390886911,222.14888767911188,227.75860485231502,232.36153081388412,235.26157206452186,236.75537494254766,237.30919128222257,236.89771274887056,235.75721422292295,232.9310593141469,228.0893159758519,222.29599324912866,216.00624462202722,209.39563296254124,202.67973396567194,191.14725534612845,188.36335952484797,187.33715437132366,187.67180753039995,189.0997504241327,189.07974867575967,187.55053978740685,187.13581432300703,188.24486753469031,191.17853971337968,194.58429980498073,198.03384681441955,201.25048716787614,204.5639779696356,211.3450091903906,211.8283400685686,212.0024147598319,211.68893196439802,211.1085710303808,197.98453171656502,196.1936976269275,195.9760762720635,197.539116689093,198.78225275812056,199.04750509861458,197.33782795721532,195.65175171261353,195.8176484295566,197.528412546436,198.52782118855393,198.42275544488436,222.5200128309066,219.50562455884113,217.8229398643425,218.24428981450086,217.68745513518806,219.15283337115278,221.69597345385333,222.86335712869285,223.2742618509545,223.41360464329364,223.35933517651267,223.25336673003025,222.28833776945982,220.26799557163946,220.26772965918295,220.05601202736642,221.5526093187509,220.9363315425823,221.0417541687593,221.03301637874117,10.06030328149371,0.5866012814368806,5.424706713172228,0.619536,0.37536582,0.32827586,0.3478403,0.06726252,0.0,0.102787115,0.032131627,1.0,0.052294582,0.27549803,0.36820343,0.4968689,0.0,0.484733,0.76327944,0.01878912,0.37966257,0.14399838,0.117445566,0.11968678,0.00046588067,0.0007501897,0.0013552349,0.055141293,0.051791556,0.770809,P16_T11.mp4,102,00:10
103,276.47671130952375,172.0710205078125,52.554873511904816,64.83474818638393,0.9956349730491638,280.021477432647,280.0217116184463,280.3495972429427,281.1193311853893,282.7251559643335,285.7860884109598,290.8431359798794,297.17762766692846,304.06947923779717,311.21728429401634,317.8621370880211,323.4247315123185,327.04483588437034,329.162260410071,330.7231064441736,331.8767752519886,332.54803986248004,282.9828403377952,285.77905819963627,289.99001334348833,294.58046541587726,298.7320092455001,308.80631134681744,312.99535736573677,317.809109075828,322.5420875531796,326.1777687588962,303.2983169938415,303.17526510896676,303.0500846838562,302.90763479504585,298.5467705968729,300.82516192023274,303.3033624225486,305.9939393021628,308.5701546768628,286.74928301039546,289.59706348417996,292.9585896349913,296.54673344210795,293.2147657127848,289.8635483744882,311.3719489431342,314.46258009086125,317.8178782906122,321.1194436021008,317.9244954334483,314.57996514312555,293.92947990440814,297.41259253984475,300.9555083449571,303.2863619247174,305.7041332161118,309.71039837796167,313.7993937311123,309.79670859772006,306.032586915072,303.3617883014835,300.8562251593823,297.54461072656255,295.2883001098103,300.87343201895754,303.27733301874986,305.75670676873386,312.48360806468276,305.8998197975305,303.4218650743704,301.0250452966698,203.654797497322,209.69118225513458,215.91589181304917,222.2573696566674,227.82877966917462,232.36596026888597,235.1890538495433,236.56227300359947,237.05742525562516,236.65614672907603,235.51349160984506,232.65178751501904,227.79599829460594,221.98691056378385,215.69475085830933,209.08400571884587,202.3836369783637,191.16273106062408,188.4179413277924,187.34450318363739,187.55807831398783,188.84934635029364,188.8036059219363,187.28284043959445,186.87605738742457,187.96058573631586,190.83828866297978,194.30147463742878,197.74184488647415,200.9533877854837,204.2658717200338,211.06303803047763,211.54316992994598,211.709270265821,211.37751477895688,210.79265313507508,197.86401103891964,196.0236515005817,195.76935586519699,197.34017450447857,198.57505709257663,198.87095896542496,197.00365414813228,195.28641373613624,195.43872493390407,197.1698495495298,198.17164770712037,198.0669666548038,222.2317854377545,219.1792500591719,217.48656437604006,217.9197292700435,217.3641431697537,218.8727820012967,221.4562640917909,222.6287605104064,223.03056305666504,223.16051066992904,223.09387669465997,222.99074219608772,221.99229915584056,219.96706036292397,219.97928439791664,219.78588402638087,221.30530467937982,220.65034496533536,220.7510819578032,220.73706327123918,10.270337225707475,0.36587143676242767,4.997653623685058,0.51540536,0.31946832,0.29443935,0.33645284,0.07973693,0.0,0.13772993,0.05535178,1.0,0.042253762,0.31040224,0.57116556,0.49325082,0.0,0.48987478,0.6626205,0.05464909,0.35591012,0.27765518,0.11435814,0.12616104,0.00039673387,0.00060026377,0.0014953701,0.042646527,0.05274464,0.77595544,P16_T11.mp4,103,00:10
104,276.47167038690475,172.63135463169644,52.115234375,63.78618164062499,0.9954782128334045,279.79866269035597,280.02555258192103,280.59607816616636,281.5609179517788,283.3101169274405,286.4492793939674,291.4996085834455,297.7240545240311,304.5401177616509,311.6159106374624,318.2817678486601,323.9059280400594,327.5440089731266,329.60246068224177,331.11371863043036,332.3358152641995,333.16320989742627,282.5674393052129,285.40151217649094,289.60516855139036,294.1929719457512,298.41452639317293,308.8614597803725,313.14767175616214,318.0365418996218,322.82246733026096,326.459699667486,303.26925424101165,303.14868975860634,303.0268478200944,302.8808847728836,298.74583235325275,300.9504410091664,303.35169578332085,305.94747290493905,308.4216818286395,286.6823991652239,289.52592749286254,292.9184106459176,296.50361402085736,293.1782041569146,289.8070682078697,311.2172074619004,314.30857824242423,317.7290308406994,321.1187879936698,317.85465496175556,314.44075388837007,294.0922103141701,297.4701578416691,300.97495904172695,303.3025775960214,305.7011884922695,309.801927528408,314.02425757418024,309.9360421702299,306.13324695924393,303.49242126049455,301.00575257741133,297.7124091429163,295.39971173218146,300.947539358867,303.3316488471334,305.8057847733421,312.69130056207285,306.0044656966672,303.5361969438624,301.1626264684756,203.9990918454947,210.10295049195875,216.33459124783056,222.64123692653374,228.16954684884752,232.70506807087338,235.49049723854873,236.85115679879672,237.27097906120704,236.7209338357567,235.4929609038972,232.75173627985407,228.1217106799979,222.50583114157547,216.34127051833084,209.8401868955139,203.2006429989409,191.51683554822463,188.7963969599735,187.742397581634,187.9367488412262,189.19664220754987,189.16991600086214,187.6542462667625,187.230527763227,188.32973768188268,191.22372780690435,194.57806748931878,198.0046746886219,201.18596241085032,204.4840278705966,211.44677044331561,211.85768244938225,211.95793537969237,211.7059024145431,211.17089923474822,198.26342342301737,196.39265510885218,196.15104481682997,197.7168683901441,198.99568863739026,199.2890336205589,197.4145333096251,195.6488175108563,195.82727584777922,197.6240383922821,198.6018831372942,198.49912319937488,222.59205486642895,219.58545242326565,217.8732780035655,218.2750196997239,217.69266395946266,219.13205587696748,221.63211959979728,222.7924968542438,223.21652103477624,223.38202459807508,223.35201806659927,223.27952243254867,222.33790041167404,220.25552833696247,220.23297211199417,219.99698034566944,221.51396859696484,220.87029040124267,220.99850137091474,221.0075348105258,9.957830274459956,0.26156806631122864,4.864054826415484,0.60496676,0.31140083,0.22018605,0.37088266,0.06975259,0.0,0.11389688,0.046451125,1.0,0.052913364,0.30462953,0.4709109,0.47952697,0.0,0.5044845,0.5892753,0.0074314782,0.26102722,0.1880687,0.09904392,0.3238289,0.000767177,0.0010624117,0.0011583581,0.04101793,0.041745316,0.5904199,P16_T11.mp4,104,00:10
105,275.204650297619,175.247607421875,52.601674107142856,63.33593052455359,0.9951596856117249,279.15560679271755,279.1634745112238,279.5317000458149,280.3781292938806,281.9846671283125,285.00271239544855,289.985219496048,296.2324801839454,303.1755701866877,310.4430090649787,317.29310437908083,322.93137398218704,326.6333671427129,328.71062150376963,330.2736371625176,331.67880466601525,332.7717368850313,282.6413662370096,285.42046820226534,289.69297118381314,294.3222384488677,298.495961754568,308.3014357936865,312.77723101754106,317.897279926361,322.8144646909878,326.3817224642603,302.76999139288074,302.60997783129903,302.44594150649084,302.2244811426529,297.8024790516051,300.06225496871497,302.54715839699594,305.2405931730695,307.79366159940037,286.4842331228202,289.3034494668712,292.7094614808169,296.1432840166626,292.91035954478457,289.53168238816806,310.47842568987096,313.6449111465699,317.11001429061224,320.4175501480078,317.1140053428673,313.6523632248441,293.00973040374146,296.36625065164105,299.9555181041205,302.307790394606,304.7619568313425,308.9415851729275,313.21903733107996,309.0182170003358,305.03585808156487,302.30414363289736,299.7460761984354,296.4141568691182,294.36629178332225,299.87763822348137,302.3014028989424,304.8187240002509,311.8173082029076,304.9123529083187,302.3575403785619,299.90983844984805,202.9208810110598,208.91760690450286,215.08510996924164,221.4057860860217,227.0203132318421,231.82258649646653,235.00451519622735,236.80633712015796,237.50595363101343,237.26940790507626,236.27573102647855,233.60868883887042,228.92556275399681,223.16129640132172,216.8160624022775,210.1125034869208,203.29768662847852,192.16608921216493,189.27101569443508,188.22192162828205,188.61276388067503,189.98562696461434,189.98421809145734,188.35035106236964,187.7719508721476,188.91628091309659,192.10694145533373,194.6633667144921,197.83983659703685,200.73130638937633,203.7672513673215,210.881403940102,211.3435641671278,211.49658319445095,211.28589097046574,210.75485451360333,198.73059778309127,196.7914447023929,196.46548536251206,197.97848602418622,199.55460510932218,199.88566991559512,197.8656447976011,196.12821426612624,196.42284543135335,198.35420667336987,199.4880143344943,199.29356039292486,222.13055392731997,219.0042009699714,217.27438107162763,217.73303950138538,217.2348963821212,218.89784237196403,221.80167038286402,222.98702649303544,223.32895683714472,223.39422707652156,223.30487461945125,223.051304632022,221.854668476317,219.67282227137258,219.71322657904904,219.5934315894542,221.53457340107198,220.85517942967923,220.91013454308018,220.85507976662635,10.516766971176649,0.2034293798145477,4.3039218642944705,0.5422762,0.3582181,0.15003505,0.43653697,0.13265994,0.0,0.13136739,0.019346751,1.0,0.1017727,0.3066343,0.6202665,0.53114927,0.0,0.50306255,0.74126977,0.09750145,0.21629052,0.19594221,0.17033659,0.7193915,0.00040008847,0.0016298789,0.00033719337,0.009123312,0.04106358,0.22805445,P16_T11.mp4,105,00:10
106,274.30530133928573,174.95183454241072,53.44897693452373,64.49077148437499,0.9950107336044312,278.42868601028516,278.45229862343115,278.85719335881294,279.8207323539123,281.60548657534525,284.76821828514164,289.8117921914527,296.06492555040165,303.00046066162525,310.2282451049623,316.9324328827765,322.5132802270225,326.2431367179798,328.45223298423457,330.03111372576444,331.28953362082245,332.2240331148356,282.0383691072231,284.8857047584426,289.20600342838327,293.859005155245,298.02374610699303,307.7274807117623,312.1392338600266,317.2045245435776,322.0309399029682,325.512012905468,302.3175907162984,302.16920350155095,302.02226468698467,301.83697094405187,297.34957578823264,299.62792311156113,302.14533257499687,304.8874170442554,307.47504393367564,286.0396230416972,288.91021612512645,292.2858003895846,295.75399231722406,292.5220280013117,289.1525486974901,309.94289181829777,313.09153391550296,316.5050072216452,319.832462162883,316.49983634074334,313.0828250634577,292.7130576857267,296.06841508778103,299.61619752792814,301.93797148662736,304.3614448179258,308.4183214708255,312.4816790226253,308.5052208689612,304.700661062923,301.9921296602837,299.4187791994016,296.1105501561111,294.0278821585438,299.54982482025923,301.9580645795877,304.43878661996104,311.15169708803876,304.5377298807504,302.0121720131103,299.56447026795183,202.20389282800704,208.30283383963496,214.61669160681993,221.054784285093,226.73933523722093,231.57239755413127,234.805088376504,236.68576682076892,237.41604188922543,237.02551353080062,235.77586245340046,232.8688540985352,228.0397587375353,222.1810122935449,215.77535178620934,209.03188653214235,202.19183973987452,191.75512469497258,188.9559529625192,187.9635243803651,188.3893817100899,189.72951628416354,189.60125214518263,188.0912903434875,187.61733597971832,188.85375541406142,192.0288492655322,194.56473505675774,197.75030213310598,200.65424070988007,203.7020690804567,210.73176865441943,211.22651724754235,211.40361415250678,211.197835233762,210.65474974414434,198.44094685074333,196.60378960300744,196.28792996411778,197.72937874704817,199.27381616324868,199.59368196633395,197.6278431266987,196.00987172486302,196.3322768410049,198.19461272692348,199.3080772853705,199.08797119795386,221.7773837551368,218.66572198994788,216.9429191654395,217.39991709906124,216.92051970276384,218.5897824606996,221.5182861813121,222.57820606044712,222.96520567320735,223.0385712938533,222.94782948377176,222.6410823116275,221.4521856252696,219.32403371054548,219.38859822435754,219.26099140074552,221.19574960209644,220.5285675835736,220.5970667641201,220.52718837448379,9.92486070586635,0.03521159687827707,3.7773701580587096,0.5938328,0.47574037,0.17110239,0.3878303,0.13921314,0.0,0.15082614,0.0024540771,1.0,0.082296915,0.45855775,0.73171633,0.5852786,0.0,0.5078652,0.7547421,0.015722027,0.36157057,0.29890954,0.14699392,0.7637993,0.00053280324,0.001343068,0.00027643525,0.007607518,0.03222836,0.19421238,P16_T11.mp4,106,00:10
107,274.39520089285713,174.932666015625,53.356398809523796,64.51768275669644,0.9949328303337097,278.42189978067887,278.4335448859767,278.8292396572254,279.78529887970967,281.55826904546393,284.71059581931166,289.75210731034747,296.0192205641664,302.9717729760625,310.2203168765492,316.9740857028061,322.63745550753913,326.437303896783,328.65542072982225,330.1920624013965,331.40468542090633,332.3120022519866,282.0791711951523,284.89461478660314,289.2111417540578,293.8676725706252,298.03682792712766,307.6186153049847,312.0491913926621,317.14553432461275,322.01011497268337,325.5210715343236,302.25768136750224,302.09665265762845,301.93813432512025,301.74107893125205,297.3240122732395,299.58417561981975,302.0890799935533,304.8215288480195,307.4035904084299,286.05910224306115,288.9229075161133,292.29038493611733,295.7667568963491,292.53540284312703,289.17055578175973,309.8884163779032,313.0265726714287,316.44313166066087,319.7836963586135,316.4441607307942,313.0221287497319,292.7966366803989,296.11831586480633,299.60513773228865,301.8775576271832,304.2465462940271,308.2352682773797,312.25255964725847,308.32825376251964,304.59988652289445,301.94268438409534,299.41642565142956,296.1626904764741,294.1225497078583,299.53820202698074,301.896403916082,304.3224805946711,310.90448700195077,304.4241416486479,301.95684678875506,299.5655116101598,201.99925219623753,208.08524218459746,214.39987955845177,220.85045571251706,226.55793247838986,231.4251111824473,234.6955145247638,236.61762371788748,237.35192294130766,236.92542182502552,235.6514791466304,232.73235327825034,227.90276101471224,222.02808111816577,215.5937993436553,208.81921376685412,201.9515596409561,191.76318618081984,188.94158893455835,187.93844398514483,188.37545961397743,189.73996738610023,189.54490783453096,187.9744752838035,187.44907960477744,188.66227714998948,191.8642427137766,194.60838512751548,197.7922450560199,200.69025191334575,203.73896678389448,210.81995683922267,211.29911588954607,211.46230426230053,211.2384145956736,210.68470102932437,198.50053833891872,196.6873813693262,196.3654831554961,197.7697416456832,199.3295189365998,199.6593959049613,197.60136177561944,195.98799669581015,196.2943965596729,198.11087608754335,199.25488597128134,199.05495564156985,221.8631853196296,218.7916878515555,217.0406811804178,217.48520256069355,216.9730071288259,218.6121958699177,221.46274782717228,222.53766003538954,222.9853839926721,223.09536528633657,223.02427638318125,222.7110283575345,221.55116018001573,219.50560410287332,219.54960954139906,219.39471833501094,221.16224550425292,220.45130109672817,220.5540973581166,220.5061186936501,9.588205261319022,-0.033989057101928524,4.277735144770683,0.54106164,0.45668522,0.14980485,0.34379867,0.14103812,0.0,0.15327008,0.005893649,1.0,0.08196185,0.4391144,0.8017463,0.56280494,0.0,0.5133767,0.757727,0.0025242104,0.30928415,0.31552052,0.13570242,0.8181509,0.00025222363,0.0012518357,0.00020444751,0.0054438286,0.034688268,0.14000866,P16_T11.mp4,107,00:10
108,275.11884300595233,174.85682896205358,52.19693080357143,62.72601143973213,0.9954602122306824,278.9675377435898,278.8809727000648,279.1132709331672,279.8454700107947,281.36246581241346,284.2753596742062,289.1769030902754,295.38728600645845,302.3135909276364,309.56453775541723,316.4049236910799,322.1385225258964,325.92952811545223,328.12459993358965,329.6864990101376,331.0233814657336,332.0849534789307,282.26096425959287,284.9553447024132,289.1985707094262,293.82508633347555,298.01410403561454,307.4119980895832,311.8829617882623,317.05170851601207,321.9980766930162,325.5862155810213,301.9736298191306,301.7285674538232,301.477870026987,301.1881847938727,296.9551297139981,299.137800807561,301.59147753338215,304.3318671768217,306.92726614874357,285.99034309344853,288.78597966974286,292.0902814955754,295.57336865929966,292.3627385150985,289.0599867798377,309.63912156342263,312.81357694559614,316.2244716132535,319.55986273754456,316.20171152795444,312.7909065905762,292.4230753980364,295.63665542516367,299.1065410215722,301.39838245922766,303.80134138803265,307.95508163093524,312.2097908704187,308.06183823051947,304.18870700299806,301.5026849356779,299.00026896549525,295.76271300778683,293.7099691151342,299.05693363676016,301.4169880326034,303.87725769068294,310.8428173657194,304.0443130378365,301.54421210885516,299.1492930130594,201.22409993667222,207.18231160618447,213.37986084919623,219.73319980281786,225.4149121037327,230.26601364339405,233.44468186217227,235.2007303436543,235.8645594351055,235.57046844528637,234.55433584543627,231.87101017300373,227.17857868591204,221.42702033572948,215.1364028472134,208.4768996947169,201.6981494877825,191.36836386325953,188.44079012780261,187.2888013988493,187.62676825190164,188.98349455872534,189.08001741997583,187.42938855691912,186.83553562364042,187.97664006973633,191.17461375806747,193.7776398037146,196.88586078035496,199.71798617465387,202.71135239401931,209.76562839602272,210.26248289757157,210.4334235658111,210.21977577122394,209.64359072990416,197.93907666130883,196.33542832914293,195.94714297881652,197.0226388880761,198.69584388935965,199.0816123053567,196.87403432956683,195.51531601054663,195.83086375336055,197.43937098014084,198.5660490406111,198.36404823625386,220.77351022637714,217.79315938399822,216.11362839803664,216.54192447982314,216.0394483762873,217.61375715043764,220.39924971867737,221.3511040330791,221.6647786563164,221.7532796306135,221.68941859096307,221.4998454302641,220.46949506768723,218.3609636172481,218.401194187892,218.2476477342601,220.12170050581418,219.39626260471846,219.48172172255332,219.44796967806192,9.108922598627625,1.4674543248742071,3.8795156995184272,0.5552791,0.35323703,0.11969431,0.30081618,0.1232041,0.0,0.41806942,0.0055921893,1.0,0.09220257,0.558116,0.75918484,0.6185645,0.0,0.4625275,0.77672166,0.009072464,0.27114818,0.23063177,0.28795683,0.8647207,0.00054921967,0.0026324533,0.0002143742,0.011877545,0.043592658,0.0764131,P16_T11.mp4,108,00:10
109,275.3750372023809,174.0062046595982,51.764099702380975,61.238284737723205,0.996004045009613,279.9193240358192,279.6881202752038,279.75926410549266,280.3923226471925,281.8147951884257,284.5301472451389,289.14787787759934,295.0588340537123,301.7559136766418,308.8841246921164,315.7785126451124,321.62461919959446,325.59799062345377,327.97124017532343,329.6428978968607,331.0699312208114,332.2267165419922,282.4859847207107,285.11045401093696,289.3089255212539,293.91208792963926,298.040988066806,307.2059668970591,311.63410256162877,316.81275143196535,321.8049305382227,325.38589287408786,301.8239585837397,301.5268736871308,301.2105338557551,300.83137458069757,296.81150835871506,298.93432987592666,301.3204569319397,304.0233399291562,306.6172503326368,285.84607924507685,288.54991491479376,291.85595348745596,295.39946593882246,292.1610276927579,288.8660598315659,309.59884807259226,312.7238547796087,316.15367288571997,319.56614140206534,316.18676456728576,312.7646116422122,292.3186194347903,295.34792088142126,298.700865981931,300.9379118369152,303.2668084612488,307.4344593736389,311.8623409922084,307.53538133723345,303.637693720889,301.0563366938965,298.6748919684717,295.5467578675919,293.59488740793563,298.7267217325971,301.001655482425,303.3889038449213,310.4456797532277,303.4949286290353,301.09287551687754,298.80065349873195,200.72132158815853,206.48378568715674,212.44311791582473,218.55947247307665,224.04916124961423,228.74574469443579,231.783144952346,233.39428716461623,234.0128147131202,233.7426630726262,232.95619797774057,230.65751092690257,226.41479818168753,221.0175471083616,214.91466136921886,208.37672185489143,201.7754263342095,190.51435775810097,187.52487145183176,186.35503780247305,186.71607658955736,188.11367123821967,187.93430600193662,186.23169408931722,185.5863252668708,186.68114745459425,189.9340553724063,192.44648709150746,195.35843680650237,198.0020460537799,200.80335216557265,208.03732515895425,208.47474857010545,208.58874076239522,208.4053239304208,207.87639139798935,196.9583790942506,195.24766837035187,194.83217613717548,195.94352007511284,197.62275756567058,198.04303287181455,195.49401414859443,193.92063061811606,194.17154265420535,195.86461908161382,196.95637519692218,196.8279746543332,218.98144725935924,216.10364483086158,214.39364806382525,214.78424816909455,214.29390872816222,215.88790721552863,218.6983874539977,219.46472597352994,219.67088430261745,219.73202178657445,219.70118147818206,219.60311096193354,218.66541841532853,216.54046816784015,216.5538493838803,216.40997174575028,218.41510426336018,217.54251319433456,217.60102261622146,217.6054027196716,12.989688742186551,1.642101538078146,3.3177403715646667,0.4821713,0.2440491,0.2595173,0.32798624,0.14863694,0.0,0.4471015,0.0026350154,1.0,0.14633644,0.4542278,0.82542706,0.5985964,0.0,0.6115268,0.76099914,0.005722802,0.44133565,0.44879016,0.29007912,0.79268306,0.0012919885,0.0036041029,0.00025854583,0.01512416,0.09241804,0.09462014,P16_T11.mp4,109,00:10
110,276.19423363095234,173.62290736607142,50.51417410714288,60.07045898437502,0.9952526092529297,280.6154196441753,280.19647145066676,280.19584629914345,280.82141781252875,282.2176400325823,284.8689291256512,289.46532455035054,295.4177488190736,302.121875902935,309.19729358101876,316.0733330372061,322.05464961808207,326.27293148897854,328.89137112520086,330.65987537393727,332.0339584220902,333.1211506282367,283.0128402891895,285.6674753392945,289.99735857267376,294.75935899900367,298.97278144465736,307.61297057178837,312.1370181344627,317.3869031365359,322.454497391682,325.99654147393335,302.4142620631427,302.0500028123419,301.6736315193136,301.22722177280843,297.34530364573794,299.5084911860744,301.90281507534706,304.6253134383195,307.2664776546558,286.5499916477493,289.19545888298984,292.554196078553,295.9963276280059,292.7601738381797,289.4151104895087,310.20255441673714,313.26782056714677,316.80977871791725,320.19442640324735,316.88481408700613,313.3837808039962,292.7737467155818,295.83138215049087,299.20749254319736,301.4283701832107,303.7380666018432,307.93944145388,312.4384399898831,308.09438450702265,304.1928761506026,301.61372438743047,299.24693294462605,296.0287409825871,294.1164669215071,299.2871510259566,301.53159967117045,303.9114032884644,310.90941818516154,303.9764233434588,301.58351517533333,299.319684684611,200.21146246049312,205.95956315059615,211.90793789828362,217.96417384074934,223.3968565854866,228.0889603452832,231.18874946812915,232.86615775400355,233.49996687397294,233.29777009950416,232.6908489398966,230.66539667366004,226.67529296047104,221.3994953203439,215.2905876766837,208.70896666022648,202.04912221674041,190.0600694211973,186.8046390519267,185.45320324555496,185.76459530104233,187.2328420659241,187.20567912482358,185.46679760582737,184.86530409337973,186.07791436998806,189.59269239336186,191.80656017282385,194.67047812213823,197.2818069283192,200.04042014441094,207.3184749958029,207.72910287367696,207.84422527858806,207.6633996634097,207.15860377223282,196.11189063383375,193.95744876996199,193.62382624037556,195.35931561416473,196.86975473614984,197.21197471039653,194.7946791880024,192.63388698769492,192.80817321717964,194.934367255005,196.02946086081667,195.9736118431173,218.38397490420545,215.49376836660835,213.78218513079503,214.1811993690306,213.69164342598455,215.28353699867895,218.10514873167782,218.99040625437212,219.24592351271588,219.32812556730866,219.30317106526627,219.2084831665042,218.08545753283826,215.96597474366826,215.95949121343722,215.82204810637216,217.84389554698652,217.07501073224986,217.1546477321389,217.16282411254292,15.80961806718289,2.5530979774971576,4.103841484792863,0.5361101,0.2853182,0.17353249,0.43363708,0.13767843,0.0,0.16671367,0.0011602793,1.0,0.10090684,0.4338528,0.7407281,0.5577375,0.0,0.47050515,0.7489704,0.007936661,0.30510277,0.060958546,0.13617106,0.7766832,0.0011797806,0.004286277,0.00018801425,0.014710223,0.11563996,0.08731245,P16_T11.mp4,110,00:11
111,276.1794642857143,173.11477399553573,50.94077380952376,60.61847795758928,0.9954584836959839,281.1100746260902,280.59986272487896,280.44622249691747,280.9198567465324,282.23361824795137,284.8892847430414,289.5566993131273,295.5650314049446,302.4507913900456,309.7388242469918,316.78701523659737,322.8522868465167,327.093872298662,329.69725589414924,331.43590023139757,332.80393583544145,333.8615432135154,283.51765695238055,286.1582934958619,290.56335053765133,295.3988152719951,299.6561482459182,308.68630272878715,313.271714854109,318.57301053346436,323.6322964597718,327.062121444593,303.3011792449023,302.90514121235134,302.5101827868826,302.0462639170649,297.8491916621474,300.10845808777333,302.6078417022247,305.42595871279065,308.1555089206709,287.38979782594623,290.17093721000293,293.6135288737544,296.9331797390453,293.69566572743224,290.28036774473566,311.03835899845666,314.2160155178056,317.8622605327858,321.19686330579987,317.8006622282988,314.2188944700249,293.33667902950464,296.4991690204454,299.9358315167874,302.1509120959273,304.4539091120408,308.64403762903777,313.11870981665976,308.7500255612673,304.83351023515905,302.2295716609307,299.83029667267067,296.6219515632493,294.68312899556105,299.9584815866572,302.2167074271436,304.5950558146711,311.59399677677845,304.66397290130595,302.25223473811474,299.9700060670771,199.61343926848951,205.4891487842775,211.5619993226295,217.73915551390215,223.29191726376052,228.09618178700495,231.32862944972004,233.17373865405347,234.00723434347893,233.8911050419107,233.2355797617397,231.03318564975885,226.86897203850677,221.3959754753625,215.1062539866244,208.4095423067421,201.66364997170416,189.85390614305922,186.4640201166235,185.06187499886104,185.41195060258886,186.87543929826768,187.10461083215694,185.51493709705662,185.0504198907837,186.46012009023605,190.15860464710485,191.7380286185811,194.6441205990347,197.24193923191135,199.99240303320985,207.39736947732163,207.86227256725044,208.00749489501052,207.86388980998808,207.39410464144643,195.73480340934475,193.39381636409672,193.1084207143888,195.19068577567148,196.65413219757903,196.91114155183564,194.81097625826786,192.40995395412776,192.64596950319495,195.05454688902495,196.17071753159564,196.05302518443247,218.4025632265049,215.63544355931725,213.9570837878173,214.42048670083668,213.95896984838265,215.64911858235885,218.5142526981446,219.30548328782066,219.53867408181125,219.54920133480587,219.4405555746992,219.20710897019515,218.10394564186822,216.21677078327048,216.2913026938872,216.20596604090534,218.19493614077467,217.28233430189013,217.3059599203282,217.23039609611484,16.108838043499414,3.2884321336341515,4.9461774130648655,0.54418594,0.4125246,0.1301706,0.44113624,0.13061021,0.0,0.15950169,0.0009048773,1.0,0.1252783,0.45838866,0.5892808,0.58431894,0.0,0.43670282,0.6483432,0.004406022,0.15116568,0.06992274,0.13189164,0.7332135,0.00091282435,0.0027211064,0.00027879956,0.0129574295,0.11670647,0.13320982,P16_T11.mp4,111,00:11
112,276.3920944940476,173.09942452566963,50.87546502976187,60.31233607700895,0.9950742125511169,280.7591332369275,280.25807456367596,280.14805243146577,280.6667117124364,281.95101468468147,284.5459083015462,289.1663396018751,295.13618965219786,301.9653030969122,309.23227048350685,316.38932034934646,322.6170710692459,327.03728682902226,329.79018148962916,331.5951151834644,332.94415862638175,334.0045952414519,283.22840683007223,285.98747356653547,290.4286353436598,295.30141104328555,299.59044619518755,308.37151017468415,312.9552951116374,318.25116267480644,323.27092501825814,326.73170059137544,303.0941491328666,302.6968283552334,302.28585847886905,301.8084117973699,297.7408315468304,299.8921801429586,302.27021205627176,305.0177575125719,307.68268795945374,287.273482676122,290.0320587093676,293.4298883835801,296.7359619484339,293.5286696374658,290.1591540781464,310.78850931582224,313.9287251931083,317.5200990010505,320.8157437744433,317.4857001662584,313.95159735539414,292.8341617357222,296.1029116589131,299.5760507961782,301.73751327093316,304.0155064359611,308.2340571933727,312.8163667852671,308.24120528332134,304.2577865661872,301.71380637394304,299.37753923602975,296.16399827793396,294.1356490268028,299.5746185898638,301.7811955635221,304.1209332134231,311.31402118634225,304.14276141809415,301.7720285803351,299.543890862221,199.39327413143093,205.18521137206068,211.17385697332253,217.29269530521174,222.84280537243166,227.71196604527591,230.96036957966612,232.8141794709171,233.6514119085389,233.50899365774598,232.91589200248544,230.87615843670469,226.9080669154592,221.574590994914,215.38378860960117,208.7513619561467,202.0564056926709,189.5021143712374,186.21696741129654,184.85402250799322,185.21638256868854,186.73373937219924,186.9595556006215,185.3654107535936,184.92917667156593,186.32275655421154,189.9010226546649,191.38443250173128,194.21020791408054,196.75737605953654,199.47708192713213,206.88888549114387,207.3588734837346,207.51689070450598,207.45751022282653,207.051156192114,195.41081740829713,193.1273326811059,192.8539667716584,194.86456227252788,196.32754161024198,196.58042524384393,194.6069420047898,192.29715558513223,192.55870363554874,194.95074916998328,196.0176371842798,195.88493377872786,217.67530145712695,215.15654664567612,213.63301992324628,214.10301654358594,213.70306861641816,215.36807747888727,218.1050841399282,218.87392009828903,218.99004097049007,218.9621560861039,218.8349313010919,218.5842606850782,217.40805693551115,215.63152579099506,215.72792362925213,215.6871661435342,217.8106578954601,216.9431291176396,216.91576621206076,216.81851854053883,16.19821956529106,3.663764517815968,5.6821700358034235,0.54560286,0.35451052,0.06292534,0.45854542,0.16048166,0.0,0.15382794,0.0016786682,1.0,0.16203225,0.37699363,0.76198,0.5471502,0.0,0.3166148,0.7014896,0.007659859,0.25161877,0.13064648,0.16003628,0.5511107,0.0025420461,0.0029070308,0.00037637193,0.026134688,0.13757269,0.2793565,P16_T11.mp4,112,00:11
113,276.9419456845238,173.08553989955357,50.213709077381,60.3073451450893,0.994716227054596,280.9942391506467,280.4521723517918,280.3079164657007,280.8090868055016,282.0765535223671,284.6082572098986,289.1662195493563,295.12259836878064,301.96568756197064,309.27420528927416,316.46474831400127,322.7379398936737,327.1812899174162,329.9477039522099,331.7339185925325,333.0805340413021,334.16358063261157,283.27583754709536,285.9653070574079,290.35205294825977,295.203347415663,299.5082615667496,308.40655419241284,313.03033002454185,318.39141970991056,323.4751588495292,326.99539888240577,303.0930167235416,302.6582314174757,302.20661692303315,301.68615221962625,297.607016199518,299.7876394657066,302.21793127933506,305.04930904386015,307.8009104596905,287.22931001975167,289.9990433062321,293.3855211626225,296.73294443191503,293.5050940234186,290.14195876677195,310.92659305034874,314.1261230599506,317.73475137913414,321.0835032118049,317.6728135819021,314.1080062866116,292.7750398200669,295.98724078721244,299.4455624336856,301.6423937417364,303.95853262925937,308.2544034909876,312.9055270238236,308.28777286207105,304.25579437161247,301.6669376560933,299.29313566714274,296.08005042891756,294.05831989194684,299.46260298441786,301.7052179668068,304.085160247864,311.392327844202,304.12469363540015,301.7125142815932,299.44608436929843,199.19097917742005,204.96211398945323,210.9433063180758,217.06508480780892,222.6240010310044,227.49433752124216,230.76744319818764,232.62288116673506,233.44805705715137,233.32916357535552,232.77361272091542,230.74749317992746,226.76922229538405,221.41364097181392,215.18519782228879,208.52442375813345,201.79839911533554,189.3415516379424,186.094622541713,184.69419057071238,184.95859085866317,186.38261022152355,186.59228383505882,185.02234896026403,184.60282487897751,186.00880295505448,189.60092344291223,191.15864243625563,193.9924314570418,196.54300354833,199.27389361006817,206.692166632425,207.17818789890055,207.338758586411,207.2755741826325,206.84164726654151,195.36829471096016,193.1650686132724,192.84471876870575,194.71332159254615,196.25826826068555,196.54640475684852,194.40456001264025,192.2098811498028,192.48524316400304,194.79968252564612,195.9061946519471,195.7517275916449,217.49291241020913,214.95669786179207,213.4322576556654,213.89599960445145,213.49570518400904,215.15520162186036,217.93012191308844,218.5918715674347,218.6853282367591,218.66247522124723,218.54637689876654,218.32857446157473,217.20205624128658,215.44692912131015,215.54779210011625,215.4968149507543,217.61567943068553,216.67018228419357,216.65579670345892,216.55711636448845,17.788748372762143,3.7834712059923903,5.976498779017919,0.5708856,0.34665513,0.1526346,0.44656664,0.15370785,0.0,0.15334721,0.0022135791,1.0,0.18895812,0.477476,0.7713997,0.5829147,0.0,0.384066,0.6983677,0.050778415,0.36665672,0.14800598,0.15465857,0.40426147,0.0035985122,0.0038193048,0.00045991776,0.034485143,0.23082376,0.32255188,P16_T11.mp4,113,00:11
114,277.24324776785716,173.16402413504466,50.450576636904714,60.349877929687494,0.9949470162391663,281.400935766321,280.79656238009767,280.57631316170864,281.0083932280421,282.27314628272296,284.85455362609815,289.4594292378501,295.4164693162034,302.235183188869,309.5077358258908,316.63053405920124,322.83879575052555,327.25602619801555,330.0305682903793,331.86385865312326,333.2281979761991,334.2958256225011,283.80812892076494,286.4485274473679,290.8289290079797,295.63420521774003,299.85016743873325,308.8748634337613,313.41365683393116,318.71838489380053,323.7488301208036,327.147693500643,303.370321827995,302.9206140112175,302.46533351594024,301.93924201799143,297.79985988163327,299.9956333404389,302.43903271803254,305.2460094395573,307.98589819110316,287.5672674764084,290.352562118844,293.7860507818637,297.06363826023966,293.8423128202569,290.42863284944116,311.08447578278395,314.2721601151852,317.9238443933436,321.2422341517495,317.84793337545324,314.2578938855635,293.16620145017856,296.3625145853072,299.7876787630544,301.942794546578,304.20666820859907,308.4294203779115,313.0063851150087,308.49434575150923,304.54005769266365,301.9847622977118,299.63774522211776,296.4705105910275,294.4446887185052,299.77020101305794,301.979142137056,304.3156397567989,311.52274903306585,304.4134529983202,302.03848619903465,299.8029572259125,199.03504439986972,204.78456155680288,210.76979524446762,216.9010969939082,222.4538459377729,227.33416122037562,230.65391069506927,232.61259279889686,233.51634657489362,233.38734618994806,232.7769026417261,230.69587197136357,226.67283838363588,221.33228287872558,215.14650614658422,208.52535689224132,201.81813975516698,189.5546146708019,186.25272280335332,184.86382225590606,185.2184578465358,186.69246584219385,186.9308478485053,185.34807334123056,184.8998720037686,186.34441732158004,190.04421397352465,191.56192497729316,194.41865868182845,196.964695056345,199.66721535105717,207.04768197916613,207.54606763904323,207.70676020489122,207.63760028628334,207.2153069398016,195.38091479067333,193.03881427651322,192.78903655274297,194.9478602610004,196.4185811964899,196.64698115862578,194.7116602755887,192.27696955707583,192.54135667695948,195.02704323110046,196.15128255712673,196.01421236392773,217.82018750631823,215.29446486148393,213.74347749942382,214.2059882321039,213.78235675213267,215.4304667061712,218.15575685300274,218.85121504340313,219.0164097809593,219.01195940796683,218.88709428715978,218.64778422052498,217.5258974195044,215.78142027142508,215.883537122911,215.81494699017603,217.8443429740832,216.95887414473623,216.9633763164444,216.86690552497217,15.67359156086543,3.8988780301048584,6.009739827145336,0.54516125,0.3913585,0.12330632,0.45531484,0.15106504,0.0,0.14590572,0.014705686,1.0,0.19703485,0.5490072,0.78139126,0.58014804,0.0,0.38093,0.66545457,0.0088604735,0.23720026,0.07218875,0.13606231,0.731103,0.0015087291,0.0041805496,0.0002362558,0.013580415,0.1222874,0.1271037,P16_T11.mp4,114,00:11
115,277.5697358630952,173.38709891183035,50.36318824404765,60.21697474888393,0.9937064051628113,281.6760468182913,281.121116332935,280.9363523447182,281.3655157862281,282.58951152559536,285.0624193097948,289.507494665315,295.33867033907586,302.0307980450666,309.19611158809994,316.2740694686545,322.5463498902176,327.0469797774645,329.9137891548002,331.83320608633164,333.33261206539606,334.59164568634617,284.08783212713564,286.65335879339517,290.8739483582526,295.53475757138375,299.65265190212665,308.9161487926765,313.4567610591163,318.7106084916879,323.65575646676825,327.0867769533497,303.26052216581127,302.8184677126754,302.37045229726414,301.85272506472194,297.9245930579765,300.01050991664874,302.32291534593895,305.07158224118257,307.7662645257612,287.5912455717558,290.34896804733484,293.7240162179838,297.0101323445119,293.80937556108773,290.4570880155432,311.17936766908696,314.3085239923471,317.88157818771265,321.2103664484488,317.8595949857951,314.3398276584005,293.1116091782018,296.22658237373577,299.605263544153,301.77205610306163,304.0493073603199,308.30548610962967,312.8859213942767,308.3902790751764,304.38927172038143,301.8233595728188,299.47656662704946,296.3277033797349,294.38237090628775,299.61500179249464,301.8327446427596,304.17732591647086,311.43502576066624,304.23644884216094,301.84604051743037,299.58983137086335,199.32422673509765,205.01085122720588,210.96569317938702,217.08375954439506,222.6356637048461,227.51577516955138,230.83301191235202,232.725966306152,233.5696750490251,233.4381204018133,232.9392860601824,231.0317609038262,227.15930187278335,221.89536301346945,215.75242341353317,209.12906643344704,202.40904624790736,189.68863055707507,186.4900057652162,185.11616978229299,185.4001876687441,186.81587959920546,186.88216946219777,185.3850311468891,185.063867076085,186.5833245434972,190.2107466773042,191.69245927990366,194.48864805178462,197.01010494492104,199.68712400241034,207.1205236403797,207.55490723093422,207.6747509992248,207.63962266951492,207.2566609926934,195.4659809811566,193.19057098934107,192.9522810916749,195.04182879658862,196.41473014886606,196.6385504997372,194.74677839216886,192.3646611457478,192.59980689423688,195.00908657461036,196.03957500681642,195.92905816324222,217.86936182624362,215.26087229965356,213.68639006811568,214.11414941013,213.68722994358077,215.35187603658838,218.13266063102853,218.92713975048522,219.10712290913133,219.12341218610078,219.02453084800857,218.80450931847196,217.56354378765582,215.69432556661596,215.77324801801421,215.67989693683074,217.82299208646222,217.12802313493316,217.13637881904756,217.06278850008934,15.723742246272614,3.9067150901662195,6.590298409714594,0.58690315,0.327737,0.13781065,0.4595424,0.15200394,0.0,0.20598121,0.020481884,1.0,0.15479977,0.5075411,0.68315816,0.5797858,0.0,0.3396051,0.68707895,0.031214416,0.23107585,0.07093796,0.16991113,0.8577119,0.0008279811,0.0015959336,0.00015509485,0.008319014,0.06512393,0.06626601,P16_T11.mp4,115,00:11
116,277.57114955357144,173.16412876674107,51.02386532738092,61.40268205915177,0.9931414723396301,281.6605789412122,281.063786372937,280.7779277570234,281.0546491039152,282.14849944487986,284.5549763436091,289.052425358264,294.9831541652745,301.7262698532956,308.9387570155618,316.02326092545394,322.2104107949362,326.55301373290945,329.28724651366656,331.2076409030014,332.8181630726283,334.16036003766214,284.2927239862834,286.75314283283427,290.90693522886266,295.4672295937062,299.5047715968614,308.89183875314416,313.35596451439704,318.5211456492977,323.3620668243724,326.6740007490174,303.2560168958623,302.7826224759675,302.30494159869943,301.7636094645541,297.9205984036807,299.92218953883383,302.1875251664486,304.8910324802138,307.50055394583364,288.0715973915562,290.7413225023339,294.0851259740381,297.23449073256387,294.1229025755719,290.8203342967759,311.014254405509,314.0560361109427,317.5697541380663,320.7365018866369,317.5493583306463,314.09638853957637,293.1458779614106,296.2114943022595,299.59154381156856,301.74346399327175,304.0466355125581,308.2078501554727,312.58952309835723,308.25437315030473,304.3234414027947,301.75934277056,299.43669993081795,296.3231464155528,294.4129696933072,299.594716931909,301.8060985340814,304.1612367612267,311.17836950707436,304.1751282209315,301.76673866627397,299.51926034980687,198.88768407711976,204.58800921251907,210.54435355501133,216.71844202671866,222.40419057193128,227.36049474712178,230.6766053325886,232.59641999613112,233.49355005157568,233.46462524802965,232.94975408281317,230.9608422534355,226.96383494118953,221.65052947449448,215.5587972001901,208.98529083317504,202.2837550992342,189.88428120692524,186.6112130656056,185.26010062058415,185.6746792237329,187.21173432477218,187.27358491820357,185.72605083428232,185.4202981811894,186.98952147590816,190.6601321874347,191.95479602936206,194.7818420310938,197.35175768463066,200.08213221456552,207.14483272524652,207.63131489408858,207.81313359162937,207.6995073363388,207.23176524291895,195.58498623839296,193.24144033116264,193.0239772811196,195.17342045261933,196.54413377802737,196.7624444574485,194.85901802719357,192.4394380079998,192.67633504767105,195.14794106486156,196.17438071502326,196.0513602667802,217.9985600214938,215.2010185491004,213.59907368608228,214.01515430605656,213.59389568071015,215.2645073070813,218.15936365906373,218.93476447371177,219.04380123314664,219.0423036081832,218.95985957353898,218.82542906765661,217.65757585093255,215.49467601407218,215.54916584668624,215.45586073716055,217.82762435814482,217.158207958798,217.16296873727413,217.1135427216186,14.7368928499807,3.9813265797201214,7.269349568490208,0.59040576,0.5027497,0.1381467,0.6968741,0.17263329,0.0,0.20217235,0.008270734,1.0,0.16859955,0.46874034,0.69337815,0.58483887,0.0,0.44259083,0.70211184,0.11930691,0.36623868,0.24582854,0.17119214,0.8563906,0.00069728744,0.0030692369,0.00027834089,0.008989664,0.07371426,0.056860603,P16_T11.mp4,116,00:11
117,278.81354166666665,173.03323451450893,50.244531249999966,61.854021344866055,0.9944748282432556,282.27340692219235,281.5821454256426,281.2934688998406,281.68653753606094,282.86983799033095,285.3027402323494,289.7117606590685,295.6122176648457,302.46167796954376,309.9037546239024,317.2366677281459,323.6599015406499,328.2492611520159,331.15040266714726,333.07861289856373,334.6198520707299,335.9349378312855,285.1551916996941,287.7879059977786,292.02761220760647,296.6712096168057,300.7769859163675,309.4991002596283,314.1803405011505,319.6167866097909,324.7252930174328,328.29168427232446,304.0808064153143,303.5948583983475,303.1053754900337,302.54907030524254,298.3411471485272,300.53154102325664,302.9948072740829,305.92628072297543,308.7908301400703,288.4707726803972,291.293573659199,294.6012874051864,297.8475254531607,294.68212758308175,291.3995451891554,312.160957502676,315.326866361429,318.8374337627328,322.22733705064667,318.7347272513172,315.26499027835087,293.815844723411,296.85666753648195,300.2283057443881,302.4727073614438,304.88504065027684,309.15970644887085,313.63650255517774,309.146407470912,305.06464321488704,302.3523529381593,299.88283315927424,296.8363496534892,295.1108979582853,300.1628129232922,302.48432516454426,304.95176559557814,312.198138011913,304.95945475848316,302.4257959466777,300.05415151356243,198.41604713967618,204.2524314746984,210.39387383606726,216.73591132705457,222.53612385775486,227.67261297850055,231.33285803193493,233.5349537685077,234.5136320157517,234.42377764371423,233.73485873160536,231.5020019192681,227.29010588091373,221.72093544134654,215.2980157430924,208.45078520715387,201.50474804305682,189.19862328997385,186.13723705389793,184.90725745244094,185.24214637819946,186.6169735721774,186.66151364556427,185.17113886115362,184.87408743007015,186.42512940011136,190.13907029369437,191.50203414455962,194.41700995911793,197.03913617370273,199.8435990741148,207.28142191366726,207.77440874431755,207.9322799118107,207.83237830792206,207.39972795811107,195.31381720282974,193.2121915726964,192.9565645113313,194.82166653546426,196.15688436494924,196.3916161924821,194.558834755002,192.41542529342072,192.71241368044699,194.9882311466331,195.93034384070674,195.74918176520816,218.36093052104616,215.48071963290192,213.76996494527597,214.25522721986636,213.7943154358567,215.61120534678048,218.65439728915848,219.59862914838263,219.90709819003408,219.94190293374746,219.80725410002216,219.41365567251424,218.02721288750806,216.07011299339314,216.18425591799024,216.08611512355856,218.2917280549009,217.58119719757275,217.6013889924511,217.48833883151195,13.66130024422494,3.5671665984776513,7.895552168639103,0.6775672,0.4680657,0.1635676,0.426464,0.17647044,0.0,0.15530072,0.0008027045,1.0,0.10276427,0.508216,0.61547756,0.56105834,0.0,0.3995525,0.6386228,0.02132533,0.25175232,0.09395902,0.18486723,0.8947988,0.00036083523,0.002512999,0.00028865648,0.0022878738,0.08396466,0.015786283,P16_T11.mp4,117,00:11
118,279.1767113095238,172.22822963169642,51.933668154761904,63.05593610491073,0.9951953291893005,281.9850344439504,281.38393799093535,281.1401032953881,281.560500983314,282.7935926667041,285.2538779345071,289.72153400214455,295.6571728966095,302.448204144437,309.76032696838706,316.9563504890525,323.45390649352754,328.1657332600568,331.21502449811203,333.1921177885154,334.73686272170227,336.09626460196085,284.98580025939407,287.5077094426049,291.72506782418907,296.28383266448026,300.2646672420805,309.8583001315155,314.28969715367253,319.41396464301937,324.2683289894184,327.70266652996054,304.1502505091486,303.6147243195475,303.05994220673256,302.4448576413278,298.49273443676424,300.536300012983,302.82768045859524,305.651655521004,308.41141560865685,289.0135433844513,291.85718253521054,295.16785054946433,298.2592752538891,295.16535420246845,291.8930649863384,312.12192083772453,315.1389737951536,318.5765135152207,321.8357008559704,318.54020711356424,315.1427081678954,293.8244956477268,296.70200122954674,300.03090362664483,302.22739357068554,304.60732555544354,308.8708607188115,313.2169038712358,308.98527324020546,304.93892252053536,302.2319307433646,299.7832398460036,296.7351392775183,295.13519733853354,300.0003047717333,302.2610480264819,304.67972863854817,311.95425742386374,304.82495199011805,302.29888561116474,299.94043303484017,197.81403027785726,203.66528723172695,209.83813772225685,216.19547885454574,222.02670640099228,227.15400919571985,230.81881796993247,233.13341196204487,234.21471131572684,234.03990388444691,233.26957675364866,230.9880193319877,226.71954108586002,221.04840898532655,214.58798473300527,207.71968399121758,200.7391581323593,189.15163178529482,185.97608898182725,184.6710339512532,185.10031994241697,186.62024572922923,186.80783256288103,185.25459283372896,184.84953065415488,186.26893280949875,189.7790695474868,191.95998607476724,194.83649041172168,197.44268795070363,200.21419237002272,207.29761868937706,207.76661170665056,207.92152052375556,207.83544954621368,207.38591766225042,195.25119746582274,193.03760066693948,192.84125519577006,194.9418218225895,196.21616975556375,196.38747282981424,194.68201456536937,192.29919159881487,192.46727896320434,194.75159206330162,195.80046145659713,195.75410427033302,218.0128690787807,214.89753627060676,213.1932686757318,213.64585390552378,213.26948505853835,215.17642355667263,218.398772302549,219.59919273456023,219.93495704314654,219.9354351150193,219.76276998694271,219.27531257111247,217.64036990789728,215.30008631779296,215.42173756895818,215.34392911661317,217.9733875582713,217.79824186859088,217.76533609138767,217.60273302319874,14.753474205303348,3.5322305524963173,8.571662536183666,0.4800904,0.49652034,0.06439448,0.4923166,0.17647044,0.0,0.14336276,0.013084817,1.0,0.116988175,0.56775665,0.45808578,0.5856983,0.0,0.46704674,0.58894926,0.036926206,0.23973586,0.03715772,0.2375521,0.77354026,0.00037368396,0.0052413275,0.00057765195,0.006689987,0.146099,0.06747818,P16_T11.mp4,118,00:11
118,408.4318452380952,269.9145368303571,15.32797619047625,19.301513671875,0.5063574910163879,407.698677067996,408.4433574293628,409.45002407784966,410.9678773197175,413.10649293499927,415.7094350725824,418.50265245768577,421.2629360883879,423.8166712167648,425.6848049740457,426.7724478906636,427.5481937746551,428.017539983444,428.35338959048136,428.4525435846798,428.30259908831545,427.9047847925253,413.4545369564327,414.911866115392,416.5770014594022,418.2672904579235,419.7761756350436,422.6786188302886,423.63362246784715,424.79996236150953,426.0567670560941,427.01947141181194,421.8866293733565,422.3176072854291,422.7709584206085,423.3055177566279,421.1435238765004,422.1787941785446,423.2270085346336,424.10712551822405,424.85697639136674,415.1867208713437,416.6495542904861,417.845888053408,418.9936250110365,417.94381197591764,416.74781092598903,423.4163484582827,424.2571901225984,425.22695047876664,426.33485299362553,425.34181653344757,424.3943051507206,420.64991999134406,421.73838157520265,422.9319735621718,423.76607261130454,424.4083660712033,425.36873315265734,426.07789640199377,425.6510491010242,424.96474088738654,424.20168089424595,423.2545367383082,421.99277310151706,421.0574354249086,423.06151074124836,423.8792612955007,424.5554776751935,425.8847461552684,424.7346470734429,424.01845129303734,423.1707676138064,279.67658785696676,282.42835900502814,285.2254150145205,287.7475948695077,289.60590461990046,290.6045806343418,291.04246820836977,290.92399615228476,290.54773503180894,289.5868930405222,288.0197679035116,286.2326325031912,284.3599139332522,282.34837121201394,280.23799892625954,278.154499772332,276.2412896169478,275.7338926383656,274.9804833928572,274.6753041254806,274.6705812576385,274.8048889335956,274.59800288634557,274.13957201067365,273.70202474267404,273.61298570666384,274.14442948232005,276.28519875847104,277.5050778330112,278.57223336033474,279.6592495064176,282.346593061245,282.2846656473919,282.0815008776246,281.88414270889314,281.57708727156694,277.48712237579,276.74576879921784,276.5261457806989,277.1911500086293,277.59892015400817,277.73639757698817,276.47109558583304,275.6432297282545,275.52239692852436,275.97885775672165,276.49598072301137,276.6055627155276,286.33571002571676,284.99460883582776,283.8848881341966,283.9141378860147,283.6110874295742,284.1470411229513,284.99740031164674,285.5656906707545,286.12071392668713,286.36573150601305,286.4627346004459,286.34755377994566,286.11389814225674,284.97240265949347,284.88302711397245,284.6878999170132,284.9193549550704,285.02572509373255,285.1735242125387,285.24959399943305,14.753474205303348,3.5322305524963173,8.571662536183666,0.41098705,0.2880043,0.5989102,0.34617385,0.17190786,0.0,0.21828185,0.050455987,1.0,0.07904856,0.24967383,0.72495186,0.37542126,0.0,0.63035774,0.6014289,0.14159358,0.17628251,0.20438269,0.041971393,0.2513795,0.002422103,0.088546075,0.06588429,0.21189816,0.09811169,0.28175816,P16_T11.mp4,118,00:11
119,278.7931733630952,173.153466796875,50.381752232142844,61.85248325892857,0.9940272569656372,282.062479986449,281.43044916685506,281.2344135686775,281.73492005901113,282.9651179272535,285.36966907811615,289.71931329224054,295.51796147759336,302.2888509362068,309.6529724331493,317.01600782965846,323.502465059712,328.24164992254225,331.28217813164065,333.37303870275815,335.04295682934116,336.42114970673543,284.96982485340504,287.623634947714,291.7805593774075,296.34314121295034,300.39918438732093,309.3825754535704,314.0472772740546,319.41229930838637,324.48956002830863,328.1307128371378,303.87171512683324,303.38023809061156,302.8726022689201,302.29863690019283,298.30614276726794,300.4376425179407,302.84483260529413,305.6947313861928,308.4611818191316,288.24861164453404,291.03133146380145,294.4036777334012,297.6375937561175,294.4657557834249,291.1535808050433,312.12911773192627,315.1870058518209,318.7338869126487,322.1310630750477,318.7018790241138,315.21188219698075,294.11691625075514,296.8431544234537,300.1441520790456,302.37646230049165,304.7555796778661,309.00539113280894,313.23675878853936,309.0199727500323,304.9836740409736,302.2970022194999,299.83145690702963,296.8606581153664,295.47317476583345,300.0921475552408,302.37751522066736,304.7959578393945,311.783114005276,304.8715203461224,302.3742812515562,300.02133867342394,198.63156700276204,204.47502844408086,210.5961975817449,216.91818691073783,222.74567537602968,227.96423532911243,231.7543144063246,234.18472403797318,235.2852954876922,235.1979783216917,234.44652511880668,232.1457662378704,227.88716865070498,222.27916980170644,215.8088735691398,208.89048016918755,201.85803073961287,189.52374554633528,186.53940920955569,185.32222685037613,185.60845302486558,186.90376825473138,186.8837539233241,185.39863655968236,185.09834748599727,186.55438235381916,190.0734981750554,191.88062993907502,194.842998733281,197.54117746810363,200.41964223881152,207.7046841217165,208.1947742231689,208.3729256624795,208.25633023713917,207.81150243113947,195.59035749237353,193.34261402709143,193.09251451711836,195.08947938315438,196.43806662266675,196.67835362444762,194.68214969232014,192.3243384643837,192.58042811686906,194.95754361869933,195.94744121305777,195.80980286832332,219.257041151477,215.84832710748873,213.88532997720543,214.3672533112445,213.9114627481212,215.97581892943742,219.47519470939613,220.89635823244893,221.40269781207533,221.46068805435803,221.29538401080495,220.71821564120708,218.91110820937638,216.43729880073707,216.51729861391973,216.45725119566347,219.11825919386266,218.79411462094436,218.80244065359435,218.66907813806085,12.523755464353751,3.3537170958419527,9.334350456735327,0.5192078,0.4085681,0.20113233,0.4264154,0.12179341,0.0,0.15765774,0.0003620521,1.0,0.055813354,0.48062265,0.3810816,0.46994492,0.0,0.40116042,0.49631718,0.6374214,0.37260517,0.13282931,0.12862295,0.86183417,0.0013049577,0.014025651,0.00047198,0.002414043,0.10810402,0.011845085,P16_T11.mp4,119,00:11
119,408.4807291666666,269.97545340401786,15.169680059523841,19.181982421874977,0.5260448455810547,407.69451852635507,408.44494838877506,409.45698324586596,410.97749175861634,413.104640691449,415.6830494121117,418.45261372494724,421.189523697089,423.72025327989235,425.57444304153654,426.6484683924574,427.40891850216065,427.8637743080138,428.18705372148526,428.2771448803819,428.11913686372907,427.7174118468664,413.4126401153275,414.82109994440384,416.44812797156726,418.11213900667485,419.6018316618107,422.4946106990227,423.44586379630823,424.6071347733597,425.85540716013276,426.8070389300525,421.6941228182589,422.11722363092457,422.56237114851695,423.0858202092592,420.97413580032867,422.00444367002564,423.04856760286356,423.93052635208574,424.67895086164685,415.1115253908471,416.5360664588584,417.71208508861116,418.85615938885934,417.82974251767956,416.65362510376127,423.2233565796235,424.04277809209987,425.0013549376522,426.11222129427927,425.13391093967465,424.196349053321,420.5158746847718,421.5819465383711,422.7503574153814,423.5771177681499,424.21457747585237,425.1785901945094,425.90481433488645,425.46895115684464,424.7832134322797,424.0226617944064,423.0820979670247,421.8378963110699,420.9220216650409,422.88729422074147,423.69784436635894,424.3709253697247,425.7078565449953,424.5484706991013,423.8347660796936,422.9931606620607,279.74530489373785,282.4689558356716,285.232875045052,287.7159824280913,289.5386312289065,290.51368993806483,290.92868496115386,290.7879134093709,290.39328301639125,289.42872561282195,287.8782422798658,286.10319235477544,284.23787839849894,282.23591164133813,280.1430236638903,278.07343571546846,276.1707038265194,275.83527190269325,275.0516397561617,274.7084498453414,274.6734912267881,274.7867061124155,274.56850766894763,274.11027467943796,273.6752635148232,273.5944903095335,274.132005137835,276.23754023246596,277.4608181673749,278.5298713819678,279.6153104200058,282.2563160595142,282.19909121566633,281.9962091198524,281.79466747028357,281.47742486692334,277.48546481665636,276.7291238538357,276.4981788230182,277.14961511813055,277.5614305258939,277.71208255222604,276.4178000683891,275.5893171667355,275.45927673092643,275.9052529379069,276.4206113010978,276.53941846809187,286.2007828782331,284.8650769010146,283.7718448899239,283.79797192968493,283.4977476428293,284.01808363035735,284.84941686678513,285.40791784223705,285.9600211709733,286.20688691645694,286.30737648077024,286.19674095946317,285.9759405136371,284.83357298424767,284.7430180885743,284.54622356695654,284.7740953126265,284.8838129643963,285.03560032263,285.1134436170123,12.523755464353751,3.3537170958419527,9.334350456735327,0.39491856,0.28818056,0.591911,0.31312954,0.19612819,0.0,0.2171633,0.00652021,1.0,0.13625835,0.20811969,0.86530435,0.40230092,0.0,0.711647,0.5411928,0.02936243,0.18383864,0.3904829,0.04899317,0.2595764,0.0018853018,0.089531496,0.059424575,0.21834415,0.0870203,0.28421786,P16_T11.mp4,119,00:11
120,278.94328497023804,173.91045619419643,48.99127604166671,60.21646205357143,0.9932373762130737,282.0535727157617,281.2349767584088,280.86847330060857,281.2228654266149,282.2851168727339,284.453359676079,288.57396574661266,294.2518545687638,301.0486418013248,308.5603378640674,316.12414883246646,322.8393525490817,327.77184747475064,330.9608188501067,333.0666529771739,334.60464136940163,335.8317966520161,284.8408383066517,287.4683760187216,291.5630097000128,296.01066587590543,299.9106396170273,308.5047773448138,313.05349552101853,318.3010788890932,323.31674231296273,326.9100478299069,303.09588111566444,302.5645373498695,302.0180221167047,301.40499577357303,297.51301800950495,299.5791974310863,301.9173154452949,304.7148005107631,307.4461814793705,287.9380799107726,290.56812322998024,293.8563368909673,296.95051512924954,293.8658553985294,290.64229436967526,311.34897200960796,314.3171398516265,317.7851542441454,321.05535165303655,317.7438241090479,314.32010307932006,293.4065249569142,296.0023490260854,299.17815385048345,301.3621581825268,303.7282610396695,307.9357084171474,312.1767806763162,307.9916910240666,303.9743553768098,301.304504453013,298.89722651338474,296.0112903933699,294.8138319929456,299.1217405418646,301.3395958739912,303.73830931032205,310.67652175297695,303.8458296826202,301.37763329459483,299.08965757225843,198.23148871143349,204.04125408699736,210.1482983896868,216.444700694623,222.27192671709028,227.64623975326705,231.71624160435582,234.43309500463437,235.62835682639053,235.52966583893505,234.6892160773424,232.27338870897626,227.93549901474535,222.26580213892143,215.663308750085,208.61465577760842,201.4828429209654,188.70879903588445,185.87313872526866,184.83960754523585,185.29840607025196,186.74357178568175,186.77304254947964,185.14477800425308,184.68043742511688,185.9589592691847,189.33346724595742,191.63072243641264,194.54088768054066,197.21546770899954,200.08461076974538,207.28094920152,207.8008836792915,207.99428166348088,207.89837300900504,207.48115657958067,195.17032591193717,192.9347364373279,192.73128156845192,194.72705418319308,196.0442713447108,196.2610951943436,194.3271519620943,191.9877052331423,192.21873793184625,194.5864451528201,195.57098186101032,195.43492104058552,218.90487310998407,215.6439185595672,213.74855973908012,214.27550173350477,213.82099084390862,215.85914019887736,219.34949078153952,221.0112886843458,221.58036191902923,221.62458206253126,221.41976617628444,220.69597627705627,218.59445778101949,216.32037434200492,216.435121888823,216.39583327978184,219.01750160443996,218.76517932072284,218.7545625238267,218.58589973824763,12.3739623563973,3.142390010774448,8.92898769112828,0.4739393,0.48020694,0.35690325,0.3778985,0.12644967,0.0,0.12973212,0.012672388,1.0,0.05922549,0.43548757,0.5914601,0.46848762,0.0,0.41170248,0.3204411,0.69241047,0.319987,0.09485167,0.14587066,0.65631455,0.0003135114,0.020945657,0.0006487248,0.0031063498,0.29816395,0.020507297,P16_T11.mp4,120,00:12
120,408.3650669642857,269.99127371651787,15.306287202380929,19.29155273437499,0.5279466509819031,407.7140995126604,408.43565909080485,409.42406494376,410.93419703429544,413.06895550414725,415.6760157449175,418.48398956800446,421.2569603156832,423.81671552307535,425.7056631969461,426.8094601876019,427.59235759311343,428.05636307977477,428.38610605548934,428.4809341368671,428.32504264367844,427.9199631976323,413.39318809130793,414.80375649172214,416.43360896600507,418.1018182153032,419.59662856939116,422.5526681266374,423.5286975102963,424.7124175573744,425.9774446397704,426.941336956265,421.71905472480677,422.14256192573913,422.58925318789187,423.1121695369352,421.00096561517665,422.04163219463413,423.09194385134015,423.9803865506743,424.7322720661769,415.0905395482584,416.5139038891396,417.69998691115165,418.8491502608602,417.81300403520333,416.62575021947947,423.2822554378,424.1217966295963,425.09843728209944,426.2226627947388,425.2251465522939,424.27083032107896,420.50321891621786,421.5857801788543,422.76866404326967,423.6059285000931,424.2571450741331,425.24736334611066,426.0064350650912,425.54298013434146,424.8335964313439,424.05629289466873,423.1034351536758,421.8405978763719,420.9164159573217,422.9103873457304,423.7319188739719,424.4191064807434,425.7973066090407,424.5985656304993,423.8701580820045,423.0163424518482,279.81597802330924,282.5576747114975,285.34580713425595,287.85076478045033,289.69123317763274,290.6820130442369,291.1036974773516,290.9655700363086,290.57211573701767,289.6104077062576,288.05659955990683,286.26496091861463,284.3715963788966,282.34018304898,280.2233066075407,278.13019789937835,276.2044678472222,275.84700527825345,275.0563669738343,274.70945741642447,274.677214709691,274.7965466686537,274.5702088558873,274.11920283600114,273.69711893938666,273.6370072717864,274.18727307217085,276.26773555243864,277.49963476114044,278.5795915769519,279.67293283472486,282.33612770104963,282.28047325959847,282.08082016055306,281.87694337317316,281.5566012431374,277.502645570662,276.7302991069505,276.50530387789837,277.17584924193807,277.5859064585385,277.73279587962844,276.4534019096342,275.61489352761197,275.4906155344006,275.9497101727176,276.467233419554,276.5818594363199,286.30041727125825,284.9571188001749,283.8685372983345,283.89636313922074,283.5951952571743,284.11439983829223,284.9494924279355,285.5265936894931,286.0881124249608,286.3338314616233,286.4340574746458,286.3163199200837,286.0778491796711,284.94453190537354,284.8544601303299,284.6566022023146,284.8751549613133,284.99892655347304,285.1532891846315,285.2309051496146,12.3739623563973,3.142390010774448,8.92898769112828,0.4412193,0.27144644,0.6573862,0.33006424,0.2009056,0.0,0.22122262,0.037201006,1.0,0.14318606,0.23370093,0.7618204,0.3628901,0.0,0.7256025,0.47294456,0.08334814,0.10131612,0.3044281,0.05422564,0.34325156,0.0015223961,0.09244817,0.04117693,0.27278936,0.052913386,0.19589825,P16_T11.mp4,120,00:12
121,276.84906994047617,172.99286760602678,50.0596726190476,60.899905831473234,0.9946346282958984,281.1295676865136,280.38164864576015,280.113214086881,280.5702613242252,281.71157482532476,283.92832645219113,288.06315539537724,293.74455450660315,300.52536771004986,307.9674719789848,315.4733335665348,322.20127049132685,327.2000455133631,330.51982118515934,332.7334986351033,334.31259104677974,335.5229782433045,283.76416671130727,286.4732625279034,290.73832092343395,295.39282079942103,299.45077789594535,307.9773119586768,312.63805601832405,317.98969820054964,323.07759059510397,326.6881400625435,302.57626732860854,302.0189407231904,301.4491497079057,300.8050622722508,297.05116664646965,299.09246150397445,301.4046128011502,304.14886291438387,306.8518953171991,287.075230581694,289.7594041124081,293.2021838862547,296.470274618239,293.26706720520195,289.87255298911407,310.69257573067085,313.7226927174041,317.33658751658487,320.74009666762805,317.41285498202393,313.8431812867975,292.83906293580645,295.37148559776927,298.6185199057469,300.8020109638071,303.1444401267815,307.3722555712866,311.53056826414706,307.4795980323532,303.50684235361337,300.8361220222259,298.4426155675879,295.46408551290074,294.27600706183523,298.63349113646905,300.8261186962574,303.1874982052477,309.9947778613763,303.32747943029483,300.8776598913461,298.59311411488653,198.3395108203605,204.15451629595216,210.2692948580432,216.58928861413534,222.51387983965654,227.97208042082187,232.08688202154283,234.8533537622217,236.04290232977505,235.81070233090816,234.80506424700906,232.34304818608715,228.01816585027788,222.43999069600224,215.94406211044614,208.95210533213918,201.84026981053742,189.68271790295486,186.62126456655184,185.42188582008308,185.85225861048676,187.3554058933763,187.35916939158517,185.71995248248138,185.27170198661028,186.61285550024135,190.11729522651376,192.37561848073088,195.2653818129067,197.91525480352144,200.72838695254933,207.80409463370611,208.29226478158563,208.49857766256434,208.37813700807862,207.9342794380683,195.85227627230856,193.58601438905706,193.36760517182134,195.44764576609464,196.87495246181413,197.1093456566859,195.06253187298825,192.59182579016039,192.77557510548863,195.13855540798784,196.26851089799985,196.202227156976,219.3598113424696,215.8618139933395,213.86459867301622,214.34445776235114,213.89328227915684,216.00135962831612,219.69302903457984,221.53510023950284,222.20017222680278,222.27166562506946,222.08714095941576,221.30355362574164,218.99390697147106,216.31207038148506,216.398887838431,216.34612916909532,219.35467573553873,219.42849518478172,219.4440065471913,219.30216535254323,11.751571058817495,3.3893837730699667,9.176364784489385,0.5424323,0.4452173,0.19551487,0.4016286,0.1313037,0.0,0.14499597,0.000775677,1.0,0.061915286,0.533922,0.5808841,0.45764044,0.0,0.4523056,0.3921083,0.80328286,0.22648217,0.10383492,0.16118494,0.7208244,0.00049388054,0.026119329,0.0004843317,0.0045187776,0.22447853,0.023080813,P16_T11.mp4,121,00:12
121,408.38969494047615,269.860400390625,15.428162202380975,19.390199497767867,0.5370208024978638,407.62963675484013,408.33972776192667,409.33481323901316,410.8654631850109,413.01707428150587,415.6554335649159,418.5093114995434,421.3356762083078,423.9370282751475,425.8491711216337,426.9533379821248,427.72754307136773,428.18382741300104,428.5026371603978,428.5947880213342,428.4239835630012,427.99706533914315,413.38855761301755,414.83674381393473,416.4982858030927,418.1869235626756,419.69870306662267,422.66589033450083,423.6411744161714,424.82931777762116,426.09679570198324,427.064879024067,421.8376421021885,422.2770368347603,422.7405385787221,423.28300181080255,421.1073322442477,422.16005777695915,423.22181199705693,424.10888954758013,424.86303319856756,415.11207301167735,416.57077742536535,417.7744276614183,418.92636889892884,417.8685825858375,416.6660335445288,423.38338112062723,424.24110226164106,425.2314383163075,426.3524504052156,425.34548131708925,424.37983893045856,420.5151932019057,421.6535498014824,422.89076012622564,423.745747696911,424.4132131751996,425.4172586883628,426.17596383747826,425.71698337168533,424.9978310851766,424.206271776999,423.232872485829,421.92138421786785,420.93446131215035,423.0305314188205,423.872493270315,424.5788459015413,425.9706048866368,424.75593715556136,424.0109483994183,423.13818638056966,279.7942852774916,282.56416729462853,285.38395118593536,287.9265973682321,289.80423287664473,290.82024729489916,291.26092213168874,291.13469803085883,290.7447530446401,289.7865000353358,288.2186192359258,286.4178967715043,284.51756888474836,282.48154024264477,280.3541429484659,278.25775801659813,276.3289606397773,275.760801014472,274.9823811508871,274.64663394654633,274.62737066644615,274.7584932809241,274.5582866455419,274.10792989375324,273.6924736648115,273.6316603930974,274.18365852929156,276.2551715770976,277.48538640273534,278.56368974913687,279.6593986295934,282.4062942466165,282.3422085958106,282.13659723005287,281.935342101942,281.62123947666345,277.4814607960308,276.69365928024536,276.4758987130278,277.1807472564707,277.57581335300796,277.71612137402343,276.4752635150519,275.62003947874456,275.5014772801367,275.99253593715883,276.4958706965465,276.6030263760439,286.40569625492407,285.05766052613285,283.9622505215798,283.99626412498213,283.68130855919014,284.20373115644225,285.0402286410701,285.6189328301538,286.18729910283554,286.4399927849357,286.54131795724857,286.4245067137598,286.18593994559455,285.0690386138928,284.9748628860464,284.7689366950911,284.96906011676464,285.0803015893558,285.24033403310676,285.3196075726327,11.751571058817495,3.3893837730699667,9.176364784489385,0.3947809,0.2882798,0.58042234,0.3391657,0.18875833,0.0,0.21392237,0.15105492,1.0,0.12750632,0.24196838,0.68573505,0.3914162,0.0,0.6657825,0.5419059,0.022807434,0.121034324,0.24857445,0.036693316,0.26811138,0.0016178061,0.087474234,0.061227903,0.26114488,0.0781105,0.24231324,P16_T11.mp4,121,00:12
122,276.7314546130952,172.99527413504464,49.82472098214288,61.36382184709822,0.9941717982292175,280.39323552479345,279.66557172106445,279.3797820962688,279.8181845108941,280.95853948358905,283.1349593409073,287.1417813425356,292.62020566976884,299.24983807360695,306.5991593181555,314.05201024222146,320.73951489420597,325.72047840910466,328.9928028054519,331.0876416878841,332.6024062514226,333.7949550966969,282.433947143777,284.9244607220749,288.9910839736364,293.46044066309696,297.39184944811217,306.0782366649755,310.72980392253544,316.04400853109877,321.0741341597958,324.69250260364663,300.7880556998257,300.2254257895822,299.6371021900095,298.9870241987627,295.68303915534074,297.57034685236243,299.72589552481867,302.3596435207778,304.9475387711918,285.98652872634807,288.46429531160976,291.7786298117174,294.9669910586171,291.89263623131495,288.6382631826541,308.90627617879113,311.8104399405952,315.3611857893839,318.7188207835258,315.4874640838301,312.0019136674457,291.6918049804382,293.975837461329,297.0498587183563,299.147752402253,301.4232942029239,305.625959263095,309.74888347124505,305.7942586340081,301.8746586756311,299.2900881552593,297.0185140852261,294.1586690846111,293.1008387395534,297.14479018513106,299.23412296348687,301.5179623247449,308.23801202394077,301.66630892632236,299.2941129439704,297.10817206930034,197.9299599468685,203.60221493828908,209.53817259377308,215.71343619788905,221.54266453266652,226.9101306581429,230.9903490929461,233.84116355618588,235.03240006577357,234.75898216745492,233.6064178643378,231.0898364274222,226.79921415267037,221.23919019695023,214.79498994781338,207.89313567065525,200.88469252343265,189.48848134252995,186.36715894271143,185.09153134812618,185.48387582759648,187.02475323784893,187.09456379056917,185.4258675178906,185.0041403251962,186.36367401115567,189.81717095757588,192.2936449580225,195.097671801131,197.6836709678774,200.44946670731298,207.2543968742123,207.7235590767161,207.95668519709807,207.78802153233224,207.31259171992716,195.64116092231333,193.3655115891196,193.11191698220085,195.1126319890501,196.51224019335933,196.783961711267,194.6524520440133,192.21142866343538,192.3565690402,194.6434917319591,195.72141968607696,195.70108506655836,218.67608009577464,215.2211259739432,213.22951831341405,213.6775295270424,213.2373835493686,215.30764356944294,218.90020420781804,220.79461124588684,221.42786368912493,221.4726542766896,221.30629926935237,220.5440077987354,218.31421779471066,215.6292316489005,215.68280479067553,215.62431148734635,218.57871707725945,218.72628681122316,218.72704612250672,218.6160462244655,12.21392233810695,3.3949866746261446,9.034914198809922,0.503884,0.40714142,0.19133018,0.37250677,0.1710213,0.0,0.13764136,0.002356569,1.0,0.07390031,0.59294295,0.41021046,0.47555846,0.0,0.41173476,0.31891194,0.30869192,0.49953663,0.085377,0.1629141,0.7561804,0.00041704546,0.039572783,0.0006029592,0.005172113,0.17877507,0.01927968,P16_T11.mp4,122,00:12
122,408.4443452380952,269.80551060267857,15.413392857142867,19.415122767857156,0.5367105007171631,407.6395924074141,408.36126794807245,409.36750422551233,410.8991582032892,413.0395328434623,415.665280229567,418.5107636578887,421.3331735103072,423.9330421913628,425.8450598775675,426.9592141253222,427.748495534999,428.21571062442183,428.54027239867355,428.6380464248652,428.47665984623933,428.05710556741934,413.362442091138,414.8302550789834,416.5079375533121,418.2091733917221,419.7283674579832,422.6805006466234,423.6622458553008,424.8583445910617,426.13687385205714,427.11720260938364,421.86519958110125,422.298928094175,422.7569306951056,423.294564246836,421.13202075434316,422.1788977289625,423.23598287405315,424.1224106275583,424.87893590540625,415.12014295737123,416.58806842811805,417.80011196232135,418.95775959861595,417.8905523810775,416.6806099163781,423.419048101737,424.28196137413914,425.2783515788429,426.40350415473404,425.3902720657324,424.4190447026744,420.5389109133796,421.67514236071946,422.91296253215387,423.7683255633845,424.43739469105776,425.443116810544,426.1981006560395,425.7394453765452,425.01739263628076,424.22525888241296,423.25034319113144,421.93943135263396,420.95508931647987,423.05263713345465,423.8945758164408,424.6013003312038,425.9934595414544,424.77373661904466,424.02825827305605,423.1554437279754,279.80706322434224,282.58544504726973,285.4110433039056,287.95919623519694,289.8416142542008,290.85871658821725,291.2953252190378,291.15884041063225,290.7672499365705,289.8123659224822,288.2524113855817,286.4611808939877,284.5676617846904,282.5316990505691,280.3999522655364,278.2953555200741,276.35891099145505,275.71934710089255,274.94720752991736,274.62615633313146,274.62003504141103,274.7639291401919,274.5702780216766,274.11718023071796,273.6978273101783,273.63353499996344,274.18474357147903,276.25621479681894,277.4918943214323,278.5748706696721,279.67550822210893,282.4243195400693,282.36049313125466,282.1548188403901,281.9568433792211,281.6455309798116,277.4680125350525,276.67766948120135,276.4629555922301,277.17623744354114,277.57116907637766,277.70891410988224,276.48202838740576,275.621511278539,275.5058365012306,276.0021263376477,276.50873266140394,276.6139694420661,286.43773862413,285.0830792690561,283.9813772950894,284.0175231894159,283.70409583372464,284.2332278999939,285.0752568470367,285.65501038496785,286.220685507413,286.47141683801476,286.57099892269554,286.45490823638755,286.21710549605746,285.09279168155444,285.0002779668503,284.79721716759593,285.0028595188713,285.10982936942156,285.26633891163124,285.34447425644584,12.21392233810695,3.3949866746261446,9.034914198809922,0.40685496,0.27311778,0.62937075,0.32741952,0.16625585,0.0,0.2031591,0.095928214,1.0,0.09127506,0.22255452,0.7512134,0.38648945,0.0,0.5638253,0.54962265,0.09179331,0.1613484,0.1745722,0.051850542,0.26652277,0.0015382904,0.08629435,0.064654484,0.25813407,0.08437065,0.23848543,P16_T11.mp4,122,00:12
123,275.50379464285714,172.85623953683034,50.893415178571445,62.57704729352679,0.9942724704742432,279.63906575069024,278.94829185226416,278.64721646871277,279.02410171763404,280.1591840891563,282.4393568533947,286.6245313870276,292.26573425269714,298.9731494442243,306.3308868376022,313.65529922123176,320.11981848514915,324.8386407606753,327.830515422041,329.82091210930366,331.38044468557223,332.6600570268456,281.99359484501997,284.41480417089593,288.4134137030068,292.8076869513546,296.7346536430202,305.478920464551,310.17206025992994,315.536341716275,320.5864894698235,324.18183080089966,300.2488745017738,299.7548783966222,299.23622478308255,298.6680189322287,294.8948203837236,296.8940479412077,299.192057004398,301.9640908889448,304.678234010469,285.4359311669309,288.0146974507887,291.2537066784361,294.3506924174901,291.3421787495111,288.1657912680712,308.4179173252094,311.34141428542347,314.80247984019877,318.1128521670909,314.84663866716494,311.4362487903656,291.13712844945167,293.563066520583,296.67815263428236,298.82544161443417,301.1486654304842,305.39339127090653,309.5783062047052,305.63701676356754,301.6891299059543,299.04232608624494,296.66548147685876,293.7554904218109,292.53463492231725,296.6963201468159,298.87877819071053,301.23114656400656,308.12063523233854,301.49554899512054,299.0615633291296,296.79493003900166,197.63330646364236,203.40058309361035,209.4344866567197,215.70962784160162,221.57854452044054,226.9118843620667,230.94306695957857,233.68232860298954,234.8646312891777,234.66657004327473,233.55897839902036,230.96835556411523,226.54069688191987,220.89469141931795,214.4242282143697,207.5510988114504,200.53180127430923,189.34852015896504,186.30351928670592,185.00724108366398,185.2684499892316,186.60700044458267,186.53860260206463,184.95540727711747,184.646785594938,186.15923996507067,189.7580881318379,191.94196949896127,194.90486297194204,197.6249276552012,200.55121978949194,207.3618997667833,207.88725821741957,208.1510922144139,207.97455089959274,207.50708321197897,195.4135577987394,193.33589304652918,193.07402395172804,194.89851620358226,196.23536583243347,196.4963039485189,194.44613216150626,192.2057587373635,192.40147910889962,194.5735285422013,195.57501546802274,195.4991272751167,218.82500488614963,215.5891466633861,213.68457010061647,214.18235725851895,213.7016320759251,215.7513070425654,219.18684229640672,221.12247684623472,221.84710502476068,221.89825066795365,221.68443887349062,220.79103947173212,218.5433569694994,216.26934298753406,216.3709002330096,216.27718469287004,218.90507800741705,218.94938901359632,218.97873274657726,218.80934833063296,12.846173704951752,2.565625736139549,7.9512498187028955,0.5540932,0.4354651,0.37085843,0.3752511,0.12977557,0.0,0.11917809,0.002515454,1.0,0.028252508,0.25564504,0.4506943,0.50630176,0.0,0.3326943,0.36024967,0.7306273,0.6096498,0.17651631,0.1504864,0.4909844,0.0004958005,0.034964725,0.00061717257,0.0055610333,0.42720118,0.04017557,P16_T11.mp4,123,00:12
124,274.83338913690477,172.7429443359375,51.859133184523785,62.18689662388394,0.9939953684806824,280.5952454256899,279.8166245006671,279.41559479277817,279.6848027279634,280.7899290126488,283.0391223025697,287.21533694140663,292.8015150193135,299.5925013548993,307.06617070733904,314.55712035896903,321.22755603591764,326.13494305624766,329.2522334149717,331.16866974664254,332.5980863101678,333.7609103351421,282.11050749098433,284.4582885573475,288.4809865304818,292.8727845775958,296.774922996186,305.57188963851326,310.29747100913806,315.7273591223604,320.9210208752999,324.6743285471572,300.40442855542716,299.88002151447745,299.3241385308714,298.7065401930142,295.3033709695385,297.2309649924625,299.4210238531271,302.07246670217313,304.6785804575129,285.7897723055773,288.2175653827474,291.5305745895982,294.68439821406224,291.6163422521818,288.36719231314964,308.6932231869321,311.6903565309001,315.30856651233074,318.63585809774014,315.3418727878358,311.791841037033,291.58226425675156,294.02397498029654,296.89869619710464,298.86938644109813,301.03801506199466,305.0751377481983,309.3905688823654,305.2811135770027,301.4931830354164,299.08171839539625,296.93161994861214,294.22538720885154,292.9185428988108,296.94248185096035,298.950699478292,301.1483821311863,307.8849588760782,301.321171779229,299.0813203035616,297.03167221373104,197.54479696933004,203.33480029054368,209.42175343266973,215.72646948026792,221.63426795295058,227.04528339964403,231.09421540228277,233.9263341208553,235.11702902220702,234.90224624555276,233.77882664027658,231.21439020885265,226.90107630053228,221.2703630886117,214.70194122425772,207.6952180260006,200.58004037853945,189.35548081694773,186.3525451176917,185.25289982365678,185.75477575635713,187.287991985791,187.08373306702194,185.41953350411154,184.95046456414042,186.3299450661638,189.87261545399102,192.33304316569382,195.29424371763898,198.01487225877142,200.9380450326142,207.72149208708606,208.2436462396085,208.48636661194215,208.3021056919272,207.8447181897292,195.60669910431133,193.5323026014319,193.29343415679418,195.15672411655362,196.6838399778177,196.93460892193642,194.73512929584453,192.48348407157914,192.71379687773742,194.92939811114343,196.12392714837728,196.00932340351548,218.93546774342082,216.22108190496886,214.58362121428047,215.07548035578995,214.54319821324017,216.27426163653112,219.14143022836484,220.29415739898596,220.64426915964677,220.66500551867514,220.54881607840503,220.07913443284482,218.61206594328453,216.9800095160495,217.05517992951576,216.91136869826187,218.80082374424708,218.04606386555798,218.0970507560647,218.0056942399592,13.772228317823853,3.01733020634327,8.064051420092314,0.53230053,0.48198658,0.07606378,0.3986926,0.12753816,0.0,0.112759404,0.034417726,1.0,0.040322598,0.5211434,0.2301513,0.5678927,0.0,0.3967028,0.5070914,0.00088751776,0.33414832,0.0944819,0.10421008,0.858817,0.00043720115,0.005976065,0.00024910556,0.013512182,0.048494104,0.072514445,P16_T11.mp4,124,00:12
125,275.90150669642856,172.92772391183036,50.67989211309521,61.46349400111606,0.9943222999572754,280.27716194745904,279.4898180218668,279.1054792164502,279.4411552558175,280.6014847701837,282.87387449381134,287.0369220891715,292.5935050394576,299.1865674288889,306.52458107476014,314.06212338167853,320.88264796112014,325.91374293783963,329.1396039308764,331.14363460636287,332.6282968349299,333.843779022826,282.3625906801567,284.6509683265822,288.5622910397147,292.89121429577347,296.72808936234804,305.670212506018,310.30592978981264,315.6478457241595,320.70888329857627,324.3458076677832,300.3902787600335,299.82844730457515,299.23641387493086,298.5910082374837,295.2984655058074,297.14893650759404,299.2796528148299,301.90403072123354,304.48544664907354,285.9626769936588,288.4068080234085,291.63335042925434,294.71606857214795,291.7355030017687,288.560464413765,308.6372992914112,311.44494866809924,314.9316456920537,318.2680230503106,315.0364557745237,311.61636135739866,291.87233948626846,294.10734272678536,296.871852078337,298.7767635673627,300.86221647922457,304.81148729150897,308.92596334221207,305.037628419912,301.3272653347258,298.9524054122905,296.8729269520908,294.29761516415726,293.2333538653515,296.9210632717923,298.8415021804433,300.94501912606495,307.4619545160796,301.150216702063,298.97177512091696,296.9807550338735,197.49219386094177,203.16162097052825,209.12679442791907,215.3112794988806,221.0682637582307,226.2902378495328,230.17735062498807,232.93810561177187,234.12791392350405,233.89765354476444,232.91182066218553,230.53259530156004,226.30726437733807,220.78066798686606,214.34838165259404,207.450949746164,200.3887038641541,189.25811138051446,186.228171956848,184.9514153706688,185.30252760826917,186.77328461931802,186.82151106135888,185.1861379042554,184.80477313603478,186.2712658217619,189.81779748467684,192.45367588081427,195.3403537566224,197.97521882596942,200.79169579569466,207.441462721376,207.93786096230963,208.1843829280236,208.01260535315544,207.55470473783274,195.5086978901748,193.41883118179436,193.18879940606172,195.1019428014431,196.48546578428625,196.71389294275863,194.72522263085386,192.3933312812998,192.5369643090444,194.70341522285537,195.81241237163448,195.79554190934354,218.62480534886694,215.63809387457033,213.8242872781274,214.27128968471544,213.7910299368294,215.66758805867715,218.78416802197364,220.29142238232265,220.7803646482607,220.8238387854842,220.67284649940083,220.06582198795527,218.28505731843845,216.2363215664604,216.308133684121,216.19799539310466,218.44488598998234,218.13971856056514,218.16558587004263,218.06005041264677,12.127830754222444,3.496526871691123,9.946164780625013,0.5338101,0.49908817,0.09474838,0.38851085,0.121622056,0.0,0.12768205,0.05225258,1.0,0.031445753,0.63923055,0.22116297,0.5110966,0.0,0.3678691,0.32118946,0.046046667,0.54378814,0.046616416,0.18408224,0.92911905,0.00012383639,0.005505265,0.00031305774,0.001064876,0.05966058,0.004213432,P16_T11.mp4,125,00:12
126,276.68956473214286,173.09320940290178,49.88469122023804,61.493627929687506,0.9928514957427979,280.750190447686,280.0107501796471,279.6938269437253,280.169108985779,281.434070543548,283.6951456742674,287.6998192592528,293.10766428882766,299.653226118328,306.90972239922075,314.2540408743707,320.83450374616234,325.7466879996952,328.9958848704926,331.0962370728077,332.6583655014435,333.9125510600173,282.6039295100525,284.9782460976204,288.92527248527864,293.2728735515907,297.1299291427033,305.89583722433235,310.52129633030023,315.86861543133426,320.93815126495184,324.55893977493497,300.66287126741065,300.08902511924896,299.4899763280716,298.81678206488095,295.5924777522245,297.4783215950504,299.63124307996986,302.2939089121243,304.9021317573245,286.09988246772656,288.57122373294595,291.85181394833734,295.00358039212574,291.9750144077073,288.76648043999546,308.8838766550428,311.7753103525603,315.3112191758216,318.71106451536747,315.4561717592813,311.979909191157,291.67009321578706,293.9011362965045,296.98102682566105,299.10528855108845,301.3730711915109,305.71239013272725,309.949948454605,306.0477832113513,302.0688444717908,299.4733900860451,297.15631934481394,294.21960225965813,293.0396919249247,297.1429505082614,299.2602078342119,301.54855723881263,308.5011131636302,301.8223599840775,299.42958235054147,297.1990780697837,198.0851476563953,203.7688604645501,209.7119823619019,215.86833709230763,221.63999304981263,226.93392477197688,230.93477177765627,233.7500961322867,234.94291127585223,234.62344908256895,233.4760118915327,230.96680068628453,226.73388264161127,221.26404262891157,214.91826782448973,208.11429313592205,201.1674133037418,189.44986667684688,186.3672029772852,185.12152166134155,185.51403413325053,187.0578653550896,187.02824675158743,185.36775764131832,184.92718421299884,186.27444361604984,189.6766244884825,192.39565979234524,195.24724868304273,197.8791083526,200.70576290066992,207.53007563833089,207.99013603172554,208.20942101779684,208.0488234428526,207.55102066207272,195.76472316031257,193.54288146339766,193.2873275428923,195.21608625271708,196.65437645876517,196.9157230286338,194.79873180388793,192.39998558630788,192.52461551495887,194.73337426917743,195.82900749347056,195.82924500528955,219.03631811610944,215.5370740803139,213.51078158185524,213.89780709090874,213.4340784594207,215.39151452220568,218.9051368197845,221.0046973160363,221.78184038615728,221.86688281245878,221.72620544174103,220.9311742129561,218.63902681843493,215.83218691378306,215.84797265301225,215.73421328844734,218.60408179247344,219.12672655017346,219.16429740124497,219.06782361906255,12.68316272635709,3.059314259965625,9.017566573956174,0.5506934,0.46656463,0.120971695,0.36818543,0.15506564,0.0,0.13232824,0.1542407,1.0,0.10111467,0.62958723,0.4430913,0.42990282,1.0,0.46594054,0.2254735,0.74767184,0.49764627,0.06594277,0.20521288,0.88825,0.0005007072,0.040542647,0.0004102143,0.0030306194,0.061704114,0.005561623,P16_T11.mp4,126,00:12
127,277.1655133928571,173.0253871372768,49.902418154761904,62.509036690848205,0.9924325942993164,280.67436988095477,279.9530285360049,279.6185310665779,280.0106864838193,281.1439394538971,283.2775461939677,287.1655589640474,292.51303630268075,299.0825080321972,306.39082952195827,313.79471628820494,320.4654895804233,325.41716540562703,328.65634295201204,330.7771369389849,332.40911260302875,333.79397638930436,282.7513917119421,285.06786437125754,288.98562714015526,293.3307096997094,297.25892565424533,306.0665706304232,310.7587052125575,316.13734761983534,321.2178149187318,324.7827759658488,300.79330733302515,300.25355767382706,299.6858017037489,299.0652812895694,295.4046588395804,297.3562122636952,299.60153910189695,302.4277576926425,305.2045091978874,286.11433198071666,288.7177832599044,291.9819983766802,295.06026482335693,292.0286599129988,288.8391752373476,309.0950167830168,312.06507174466316,315.54428358418625,318.86225794138704,315.5714001671185,312.1399653770947,291.19331714486583,293.6328148124433,296.8742837436185,299.16580937018597,301.67187791353746,306.1937167780616,310.54481282550427,306.39175948885855,302.1441803819979,299.296742450346,296.7806678208276,293.7735751389817,292.57547821483763,296.8967259015787,299.22777959240074,301.76101613512367,309.14532888651826,302.01143654897925,299.35404718957807,296.89821027182325,197.89087897124,203.6035583354895,209.6155082018251,215.8678098019234,221.74910378977117,227.10471610328415,231.19222018644768,234.01861761698183,235.2485748494482,235.09244324308767,234.06909961828237,231.60075732831626,227.265743448855,221.60237915628608,215.06721113370241,208.12909024164628,201.04786622182235,189.45107167206137,186.31775610298521,185.01223570662899,185.27292040659617,186.6143551857305,186.57819825148923,185.02740914493506,184.71125840231136,186.21483380469996,189.83306451832095,191.97928058122992,194.8850135774427,197.56228545033102,200.449919859947,207.3771225829148,207.88710212381875,208.13306942694055,207.99335084217017,207.54809342072662,195.54796596694263,193.36046026786232,193.0926119166168,195.00942124081956,196.36735175494618,196.61554784893227,194.57092396338155,192.23263173211967,192.42452011869463,194.70371921283936,195.70825336288857,195.6225399232523,218.97372040890838,215.46486140344567,213.50283243871908,213.96126141058616,213.54149760099412,215.6583973515722,219.40653505206666,221.3657249351507,221.99691314271462,221.99623802251298,221.78766611916777,220.96420278398628,218.6084267279006,215.81668397738423,215.92633959370673,215.8532164751813,219.02667934127976,219.45555950909088,219.4350644693281,219.246079993819,13.101003432516816,2.6365667361536387,8.340390399701954,0.54845244,0.36265728,0.31200945,0.39678538,0.13745612,0.0,0.12805958,0.022050899,1.0,0.05795903,0.28554332,0.24708474,0.47450522,1.0,0.29795906,0.28710082,0.3168046,0.577685,0.06848062,0.23538359,0.8888694,0.0005566026,0.031643745,0.00041140488,0.0017974311,0.07346357,0.0032579228,P16_T11.mp4,127,00:12
127,408.4724330357143,270.0039760044643,15.025595238095207,19.09001116071431,0.5031485557556152,407.1007410888161,407.8067765792812,408.745406927941,410.16724376268087,412.2007779196031,414.73072494354096,417.47254276154564,420.23293034596105,422.7943210365011,424.65401350591463,425.69304791898065,426.4250107630848,426.8962595484778,427.26922511429393,427.4266202697131,427.34137958019176,426.99761770290456,413.11971851281555,414.6485673814134,416.36306475885476,418.0729442723255,419.5784047932138,422.47941056835066,423.33245102030094,424.40073008461593,425.56769380316405,426.4745715580415,421.63119962109124,422.05162595975077,422.4969726518488,423.0314473955985,420.6961272260214,421.72691720897063,422.7860329128163,423.6383524208942,424.36325192664214,414.62753370739324,416.15635458479903,417.4049474463865,418.6154272278398,417.4767714796761,416.23419057996415,423.06691701486704,423.90935085317915,424.8515780700131,425.9118270757794,424.94289489633803,424.02337194978924,420.0169789822679,421.19757236319197,422.4751204061402,423.334245187438,423.9884880974171,424.882349265295,425.44788467421466,425.1074940287854,424.44271550721623,423.6733468726104,422.7184212125691,421.4055619395364,420.44629423117266,422.5548475135464,423.39510350057725,424.07981721255794,425.29041851674737,424.2652882162814,423.5389222451566,422.6721415314863,279.1292333625889,281.8413416024723,284.6326997340737,287.1759698826993,289.1036782178642,290.16781458576077,290.6817874881386,290.6581574603809,290.364943579603,289.49160063818493,287.95917435870507,286.2122290453089,284.4065227100386,282.50384805850416,280.5133916633829,278.5106874149745,276.6829779546435,275.3405087794417,274.7088335973477,274.51835558381333,274.6383545066988,274.876804644365,274.81490109915313,274.36004764244956,273.91743316377716,273.81167151694785,274.2931002209788,276.35613231530215,277.53669360876216,278.58530510576975,279.66184088901747,282.3236066287037,282.29920786723363,282.1274388933581,281.9522427052406,281.6571472701896,277.1650852744028,276.5515695488074,276.38409551612637,277.06082081499045,277.4342472114068,277.51353123872474,276.5918161039427,275.8641761922251,275.7599608880767,276.22600399446674,276.6920812364568,276.77048934427825,286.29724443987016,284.9320184255591,283.8020140038644,283.85603563903163,283.5568439319783,284.1351078234333,285.0597415520171,285.6189413935731,286.15839310780564,286.3809777012946,286.45852286114757,286.343708453193,286.09229566277537,284.954306241524,284.883605952187,284.709163478118,284.9842035654453,285.0327566774895,285.1539230378957,285.2091680929677,13.101003432516816,2.6365667361536387,8.340390399701954,0.35461363,0.25923732,0.7451886,0.34201616,0.22085802,0.0,0.23837726,0.39671946,0.0,0.14315313,0.40884507,0.48194736,0.45023417,1.0,0.5921042,0.56213176,0.024082456,0.13346362,0.08798784,0.05786943,0.31971076,0.0025290393,0.08599505,0.07320013,0.23424499,0.09082546,0.19349465,P16_T11.mp4,127,00:12
128,277.67933407738093,173.0193603515625,49.581677827380986,62.30632324218749,0.9928960204124451,281.3860346108329,280.77643058907154,280.65711014985345,281.19320984868233,282.2701364739597,284.2936528283786,288.1546625013484,293.576856086076,300.3202490707269,307.9390782629719,315.7070663601687,322.6578401354523,327.80247203814656,331.10962844827185,333.1993906085499,334.74793367077393,336.02274986535696,283.30201907079976,285.73048046098415,289.7647564514046,294.2404817464937,298.2462495350922,307.0262943946981,311.842919314355,317.3668257245134,322.57374160855227,326.32683724257953,301.5357493099795,300.9879925330021,300.4083116503893,299.77123556201377,296.14255414158055,298.14944553947345,300.47132426875095,303.36278323355225,306.22923234551246,286.50322564238166,289.05882527904475,292.3103022341815,295.59527866611904,292.4768904931,289.29543399552523,310.0723714714594,313.07655303386593,316.552075844621,320.0451305087397,316.59533950309947,313.1499648845164,292.0881169654415,294.4586606257639,297.689423789738,300.0675390359437,302.66921437975634,307.3485391290321,311.9022441826764,307.5749602967609,303.2016898336061,300.25804084980604,297.66461002269966,294.63713658647384,293.49909023930553,297.7447288991031,300.142898375135,302.7802123135966,310.3851015878647,302.9924439995996,300.2525393060904,297.7499318576191,198.51048074158948,204.32099329143287,210.4084012772299,216.74036836750972,222.76248423748817,228.39274491315814,232.7353725131385,235.6798414921137,236.8843252744484,236.74945835061942,235.80136566836498,233.31354041552336,228.89204621437986,223.08115040592202,216.2940681674709,209.0925363024405,201.78042987064393,190.09795638252186,187.00860004954788,185.70738803201812,185.9480410181803,187.27231540001017,187.1187891294518,185.4340444229915,185.04661675697912,186.52726288175492,190.14998151118655,192.2101391717456,195.20953891446254,197.97914169409654,200.9650516248837,208.0816248593793,208.59766030126707,208.84369450576597,208.68240056352155,208.22561868602693,196.1409108255375,194.21301972367328,193.87970505447524,195.36637636118996,196.7745932925768,197.11485563828575,194.88023063473423,192.9071729508059,193.1569884917509,195.18268184422973,196.08110465570024,195.96042052885392,219.9740104275877,216.39021705824874,214.40493297886968,214.92244797726912,214.42937240028454,216.56648482543,220.41274349823877,222.30413367357156,222.9258504501479,222.96069578859482,222.75492156459592,221.9241461268247,219.60912594414773,216.97008288542557,217.0774621449061,216.99650544734547,220.05529690581656,220.13932858528386,220.14685114971644,219.97457194602285,12.782833501747305,2.736623283770204,8.49934250322563,0.52292025,0.35435605,0.340689,0.37156537,0.13066952,0.0,0.1598298,0.001834665,1.0,0.048493493,0.47179466,0.32643682,0.46383992,0.0,0.39892474,0.2767022,0.14597507,0.29568607,0.12602845,0.10238257,0.8274802,0.0005122598,0.038343295,0.00064830313,0.0031080188,0.124350876,0.0055570602,P16_T11.mp4,128,00:12
128,408.5281994047619,270.2420131138393,14.857291666666697,18.898995535714278,0.5075461268424988,407.224828829929,407.89620010288036,408.77262345696136,410.10865653466567,412.0315149623901,414.42702963984175,417.02572893991265,419.65855075549337,422.12227937344994,423.9389386866774,425.01766463899986,425.8397627260935,426.39661276488164,426.8388564085322,427.05813915883857,427.03278011312443,426.74483328573405,413.0616045359921,414.5474878105069,416.22693251753225,417.90717881912633,419.3740725481084,422.26489697036203,423.1230073355404,424.19833766297836,425.3714044020511,426.2680075276643,421.3879065523323,421.77059699139954,422.1783139428523,422.6700266503064,420.37106694493974,421.3748282598332,422.4078254724188,423.25973260408,423.9928496387654,414.48554604335555,415.9833653719031,417.2098861676774,418.4185055859254,417.30013787589434,416.07478229853194,422.812084617958,423.6361049099027,424.56728879817365,425.63281750298506,424.66741647589953,423.7581027369148,419.6917446108535,420.842989864054,422.07748199738563,422.90537914130834,423.53718435519505,424.3959881740223,424.91941185447257,424.5563300677043,423.8962946666804,423.14535195311265,422.21763262956273,420.9756679586667,420.1007957509054,422.12765397716845,422.9405654931175,423.59969115865283,424.7732283107271,423.75839606915997,423.05158431323775,422.2100816898314,278.90112005939176,281.52247082689513,284.22858920621553,286.70938381309224,288.60607686936856,289.6820722634638,290.22245514367575,290.237921998743,289.99847502216164,289.16678889075826,287.7079516603079,286.02303907802064,284.2618844436881,282.38703585322946,280.4169110570635,278.40835432973023,276.56595071876154,275.31644727398776,274.69639292280857,274.511604422424,274.6377089008689,274.87289242168356,274.8145206566501,274.3680432959859,273.928607260968,273.83099385962953,274.31938055791625,276.327690588776,277.4864867817078,278.5107840572883,279.5627397248921,282.15699713667857,282.14119234123666,281.9762544584594,281.823171524025,281.54898698045207,277.0854583461503,276.49687435442047,276.33205407489356,276.99052751550585,277.35844252551243,277.4388899075799,276.5453958334135,275.8204089682616,275.72038064500583,276.16959802622773,276.6373967210097,276.719960961584,286.0068841763506,284.697332782285,283.6075778078953,283.672085218371,283.39738700542864,283.9890732897978,284.92256328318535,285.4508762849761,285.97734818760574,286.18285513647965,286.24044828688994,286.0901297047202,285.81167765009616,284.7255900046522,284.6757762416665,284.5227054730856,284.8329685310567,284.8798151775529,284.98263961946856,285.0208755452186,12.782833501747305,2.736623283770204,8.49934250322563,0.32106677,0.25967336,0.6051111,0.35367697,0.20636359,0.0,0.23615508,0.12400725,0.0,0.099541225,0.23338974,0.47584733,0.38013023,1.0,0.726672,0.6615869,0.25548276,0.104971655,0.19780073,0.031228833,0.4482034,0.0028323613,0.061375573,0.055802185,0.2325451,0.05039863,0.14884275,P16_T11.mp4,128,00:12
129,278.3232514880952,173.919287109375,49.314694940476215,61.09986746651785,0.9945412278175354,281.4121900532931,280.95306635114866,280.91591306970315,281.4426066666979,282.54966650975774,284.71010917660396,288.6205035205258,294.0055682647023,300.5729258978817,307.9611497002208,315.40982870680347,322.0626194399038,326.9850195248941,330.0962588685347,332.1293254114438,333.67486083966764,334.95969617363164,283.69882998179685,286.24920511059617,290.2090417470115,294.5673119829125,298.4992033557621,307.0072916961721,311.6413851140752,316.95563508761796,321.9999594682088,325.81079840097146,301.7883055943684,301.2817903175236,300.73112069390646,300.11382950950644,296.46842679926453,298.4335541651635,300.7161440079671,303.4248483165359,306.1124489144535,286.41941796507837,289.0409214265822,292.2007049859843,295.61020850441935,292.47434306644885,289.33698301902655,310.35744130153853,313.3140628603716,316.5963257311649,320.08320588015135,316.68609407253666,313.36571429051975,292.5796278138398,294.89085996759957,298.0374345882063,300.25268834202416,302.5814515654209,306.85981919339275,311.0404515997864,307.056495812598,303.0423856241893,300.3681447370731,297.94516649067543,295.0219748002676,293.9278660540217,298.0794672013855,300.27885056273504,302.63283422807984,309.4971668261464,302.8643042190699,300.42269142675866,298.1274607715595,197.5836342009246,203.33956530358708,209.33536155734743,215.57879973857828,221.51103138860697,227.01755718685803,231.21777247323257,234.07455237260504,235.23710942451945,234.84507161723465,233.59821771819895,230.9345046502914,226.5553732500101,220.99742327217078,214.6008662857872,207.71397688454698,200.7038106098544,189.30859130971334,186.72049149541633,185.72442825516694,186.01298839403242,187.28387403977976,187.05107113685176,185.4907950136546,185.05910198366368,186.28775835709348,189.48972311657937,192.0968486099651,195.04665265200052,197.78945765516664,200.75098039674873,207.44691814481249,207.98174359717973,208.22641378655896,208.03438706342595,207.54764695549733,195.95679551468604,194.73926130808317,194.42045936393592,195.2133890099362,196.7454576573832,197.0784824274393,194.8560265789532,193.64981338341713,193.92893825384283,195.3251088813557,196.24769808239992,196.10253960214905,218.85272863210676,215.38344292070184,213.36917262122,213.81841638676173,213.3437555201335,215.38902367002913,218.97937711723182,221.33319908506286,222.31454129625277,222.47019918939233,222.26104127020378,221.23890321330498,218.58922286747256,215.9531862956415,216.03684509311387,215.93716950137016,218.8093674771927,219.35515339887303,219.45508246239507,219.32690877639672,10.525964659348237,2.5832816737100215,9.802288352499007,0.5787019,0.31611833,0.15481472,0.2763758,0.14281493,0.0,0.3710716,0.046548452,1.0,0.081887715,0.58497524,0.47245815,0.37312686,1.0,0.36243343,0.26302,0.42664436,0.47154993,0.13546838,0.39749163,0.5370787,0.00039239496,0.049661886,0.0013719107,0.008634933,0.39513272,0.00772733,P16_T11.mp4,129,00:12
129,408.3691220238095,270.1288853236607,14.929017857142867,18.888783482142856,0.5583640336990356,407.01548646851774,407.7089582226016,408.61212486096525,409.98698542270813,411.95212226964264,414.3950282889458,417.05118240425764,419.7379765533336,422.25391796155435,424.10717322305374,425.21209102073016,426.01544652304614,426.54175013577566,426.9488103947389,427.1330613107713,427.08568605507327,426.7786588390118,412.96840094499356,414.4763927844446,416.1634860849833,417.8526910470932,419.3320362991321,422.1265103269981,423.0145511591966,424.11758156646044,425.31424112932757,426.2363306466942,421.31189803376,421.70454279114625,422.1187959395562,422.61726020594125,420.3421279276721,421.35819246459755,422.4085259047563,423.26756009976117,423.9968020903612,414.4131841200557,415.9134048287597,417.13152416923214,418.34377463071206,417.2311870296193,416.01389452016514,422.76416051685675,423.5917656759492,424.5218330318175,425.60671909173556,424.6353399076366,423.7246733580144,419.7423255223661,420.86998927923185,422.0943152564658,422.93457282158147,423.580579138643,424.4563039715561,425.015284972912,424.64892047200885,423.9857020190438,423.22588484417116,422.2891960850012,421.03984901224663,420.1585660374883,422.16233561803057,422.9845447590069,423.6595320436718,424.8546662924545,423.83982443865256,423.1207503079277,422.2702086942643,278.90392122610075,281.55404298765984,284.281461290149,286.77982983716896,288.68916099449353,289.7635306285189,290.28705787238795,290.28270620129337,290.0195564214752,289.1733516175646,287.68445052272773,285.962396591045,284.17673746735255,282.27372778443083,280.2890590812359,278.27770818981276,276.4316174461074,275.34239457643656,274.71803110169117,274.5231664855286,274.6279524557545,274.8466573662776,274.7223760176303,274.2661591684958,273.82983219885665,273.73651107833854,274.22611325638303,276.2504786301577,277.4244077706929,278.4679124242799,279.54118502107184,282.10289395801055,282.09140343871235,281.9322627862516,281.7568867933551,281.4644642232212,277.0905517795316,276.52234593799136,276.34770355496886,276.95755155183775,277.3307671313254,277.4207066210612,276.46683815073357,275.768946160728,275.6609163648895,276.0764719072563,276.54153665890516,276.62918277339014,285.94902138339626,284.6198175658232,283.52026336151704,283.5819176646535,283.30084645761707,283.8913118871594,284.83019201873407,285.38220845489496,285.90884712333127,286.1158575088637,286.17500429832376,286.02293359148183,285.7481176583256,284.6463410079,284.592036313815,284.4339764862148,284.7480209576831,284.7956448030991,284.90114276670187,284.9395931111143,10.525964659348237,2.5832816737100215,9.802288352499007,0.33976382,0.27736536,0.7083764,0.3311361,0.20579933,0.0,0.26551133,0.0531854,0.0,0.11026234,0.28969646,0.64141166,0.43032423,1.0,0.5579712,0.5288484,0.052500207,0.138188,0.176833,0.1468783,0.29903546,0.0019301729,0.10507829,0.056067795,0.2891319,0.057973366,0.19078296,P16_T11.mp4,129,00:12
130,279.5574962797619,174.04915597098216,49.233723958333314,60.49484514508927,0.9937034249305725,282.8911799909092,282.3172259052759,282.2017791257876,282.7077355299375,283.89381478275845,286.16068072838533,290.19870887258577,295.7886029065135,302.44059562902646,309.8085803557992,317.0512269445173,323.49828551562985,328.2200505755366,331.24309811912593,333.28879635932725,334.8241766514438,336.0927282433353,285.93048813182685,288.3194481008604,292.11884613791426,296.36068126863915,300.20031108694866,309.2384858903939,313.77085696263225,318.97716013058056,323.9186725816305,327.50501265901255,303.8814195524853,303.3723975194883,302.8610086565982,302.2849819722102,298.5439217487484,300.55877980601787,302.8940490826756,305.57946206795566,308.25188561385846,288.7010918490118,291.34331343393757,294.4522007487078,297.7659075512731,294.6814435844591,291.5985459657645,312.1134919020537,315.03469220245137,318.255995283291,321.69385680896426,318.3159189161808,315.03997538215816,294.6768592037062,296.98078204679683,300.15373170157363,302.39486432163875,304.66935323356233,308.8036079408242,312.7710638810797,308.96657737610195,305.1068533018072,302.4308340783153,299.96706151540013,297.014272473439,296.0164113654648,300.19348752069357,302.4208518542502,304.7618629650364,311.22402684356604,304.93084250401006,302.4943663695797,300.17178364730376,196.87058381342746,202.81231338502357,209.07265633721337,215.53357838726154,221.59569609070064,227.17380357137597,231.39251992308934,234.15261569439568,235.26076804654244,234.76273857541685,233.3023309735365,230.50017745714467,226.04459205818696,220.5178971420287,214.15986945187075,207.25368482383666,200.23201014702923,187.66813067883112,185.08344858918795,184.06602868263116,184.32583153269337,185.6206508258172,185.5976953883568,184.14680919265555,183.8366592842211,185.23282173336545,188.61820086144843,191.47505108109394,194.36615975719153,197.00084599612282,199.87178469498625,206.97075562263808,207.4652846086017,207.67488535239661,207.57942898260944,207.1758866492855,195.0922573029788,193.8594569578742,193.61968670506604,194.63135071497678,196.02706857221708,196.2542301553566,194.53347559215436,193.32541878771553,193.60863356619558,195.08240488676896,195.94657255774197,195.79560602214187,218.7633579210458,215.17559861111354,213.0784791525382,213.52668404190868,213.0513969070145,215.14305578181438,218.915349938702,221.26531346456864,222.37626966638774,222.58035790326505,222.3962903645884,221.30729765186953,218.45276666590362,215.73573681402485,215.82214557630442,215.71289495843777,218.7347396159022,219.3534644307948,219.4984165357705,219.37141685716924,10.020765420514937,2.910858080320299,9.611021661723147,0.5628979,0.35472208,0.1462548,0.24644384,0.14314942,0.0,0.30212367,0.024784798,1.0,0.0571524,0.56921,0.5001088,0.38612372,1.0,0.45363644,0.30839482,0.7644968,0.43452305,0.07738604,0.3872377,0.36494076,0.00072932185,0.043132976,0.0014745976,0.012407929,0.55620414,0.02111027,P16_T11.mp4,130,00:13
130,408.44107142857143,270.0858607700893,15.05029761904757,18.983851841517833,0.5259853005409241,406.988057066843,407.70872819034474,408.63734738131626,410.0352308927079,412.0161405125292,414.46776868965867,417.13654389911096,419.83405148920804,422.3584790908349,424.2177610082743,425.3287450353731,426.1357473866099,426.6618240305746,427.0657311976305,427.2448589649051,427.19443998812767,426.88809432867816,413.00739983724486,414.5233725437071,416.21963871526697,417.91928045443075,419.4095881202391,422.21698496463443,423.108779781745,424.2150874392429,425.41487496467806,426.34054902043925,421.39419375575545,421.7872450648092,422.20186959111595,422.7020184541487,420.4274779033747,421.4474859027059,422.5013921503202,423.36353058286227,424.09603146857535,414.4852826714524,415.99714997620487,417.21980880522835,418.43283518188565,417.3173580923567,416.0967156422117,422.8530038183023,423.6868287610306,424.6208914960585,425.708605017286,424.73448491303714,423.8187175914828,419.8290207257436,420.9566870632132,422.1863821719324,423.0292991503308,423.674909721438,424.5529415646011,425.11281461953183,424.7494862287605,424.08506834193247,423.3246015711147,422.38478570658646,421.13192736063667,420.2459522067403,422.2562738015691,423.0815715662794,423.7566321316591,424.9548567937346,423.9376635778479,423.2181326928399,422.36508358030613,279.0358332523594,281.6942977729137,284.428355455031,286.9308758130048,288.8405088156769,289.9086274792648,290.42169474542857,290.40239182143125,290.1288703660273,289.27184145114154,287.7716338402808,286.04162285532885,284.25293863959126,282.34233207216766,280.3495740199603,278.33073339409896,276.4786812472577,275.4103914969771,274.778632837741,274.57874247825737,274.67795782389334,274.891487594713,274.7589931716818,274.2930663996006,273.8470657958973,273.74870927830216,274.24228488197423,276.30430928269135,277.4805187535576,278.5233172655388,279.5961435288382,282.1842629042371,282.1672968072093,282.00112953582345,281.8230445826759,281.52775166670824,277.16849668205333,276.59526392895077,276.41890070537755,277.0343008969112,277.4118593554578,277.501418486687,276.5180671691013,275.8085231303229,275.69452915323035,276.1121137508873,276.58866351297223,276.68048886396446,286.04131191205397,284.7008884095437,283.5921094998177,283.65246100958905,283.3695148499458,283.96529166939104,284.91442361168697,285.4655753187819,285.9935705778006,286.20182653342573,286.2612981687774,286.10744235011265,285.8376345622054,284.72397696607516,284.66794200071763,284.5087634849462,284.8318308318624,284.8780826256245,284.98375717282596,285.02142204401065,10.020765420514937,2.910858080320299,9.611021661723147,0.33396593,0.28337163,0.6457004,0.35049328,0.19232568,0.0,0.23995385,0.35199302,0.0,0.11597086,0.313462,0.7134593,0.4251118,1.0,0.3800212,0.48442122,0.13454977,0.13739666,0.07743489,0.048143066,0.31532323,0.0020921975,0.118197724,0.0625686,0.23620938,0.06712411,0.19848485,P16_T11.mp4,130,00:13
131,279.79769345238094,171.20864606584823,52.716331845238074,63.76371721540178,0.998335063457489,282.6664693873575,282.2929131463725,282.4047138996957,283.20619036023345,284.7677717007233,287.39635785864675,291.7635435015345,297.5781472701041,304.2586729857174,311.6093989236897,318.7573499580464,325.12344025936693,329.7260944451624,332.76515942624275,334.8601473999839,336.45665143970916,337.76518601880184,286.44250605289585,289.0205182042474,293.06278558009603,297.4737884984946,301.36166126306375,310.90437747848136,315.50435907271304,320.75790332270833,325.6746235031435,329.26657744343544,305.31378112210297,304.86223856807106,304.40494720573514,303.8944046845271,299.7172603690668,301.84459308576106,304.2587801630242,307.1017448782939,309.85764285423096,289.60899915076953,292.4982986680743,295.68766271909584,299.01739027568675,295.8788328287965,292.68961472134157,313.50476802344343,316.55503873399874,319.8713143984097,323.3646378520821,319.8358592331928,316.48423786124,296.0292071508891,298.4657235938457,301.5279936020195,303.67357838601464,305.8843178510349,309.90725910614685,313.8754738041428,310.0804348301563,306.33788993279006,303.73645497917937,301.3054957935956,298.46258808753157,297.3917545318422,301.4938405270611,303.68153459076393,305.94912363572087,312.4203845197403,306.20019673841625,303.84368929512505,301.5784581509164,196.1198572552223,202.26347483216952,208.70585257220665,215.183170114241,221.0339610462288,226.29646258262576,230.2200504743898,232.67631718657364,233.70080909912318,233.28767934790054,232.09908757689104,229.38523503035125,224.86514385663722,219.15534353148166,212.59545841662944,205.53872667214958,198.44181940021983,186.0180836845351,183.23772647897908,182.14549622820167,182.4971130464602,183.82785727191447,183.82490191469034,182.44713307581188,182.1869077152314,183.70174720795734,187.17944785889625,189.93960328231591,192.91020248770357,195.59013455684425,198.48369380199995,205.97050527474494,206.4212428587921,206.58708947931515,206.5297655827869,206.14416443681887,193.6761462505047,192.22511146081246,191.96523613675507,193.16410552737048,194.5112649835177,194.75014267692694,192.94594954005368,191.5181334596641,191.82970017072537,193.4742150831337,194.3673874305081,194.2030640959617,217.29603617489354,213.9604275486413,211.9331710720234,212.44204436368824,211.97283579699013,214.14871299253286,217.76638948644236,219.48260373669152,220.3877274939515,220.52305822684062,220.31990478209917,219.246248130543,216.96636334009793,215.04562286343375,215.15685466488398,215.06424891112422,217.4072862192896,217.03438216361792,217.0998743391407,216.93001883127195,15.583644326438334,1.9670351205350407,2.819713744642327,0.5306824,0.52882683,0.18607806,0.2608527,0.13029143,0.0,0.24061166,0.0013597646,1.0,0.04488681,0.62931496,0.57608414,0.47426224,0.0,0.548291,0.44855058,0.096848026,0.2611845,0.1799497,0.41427717,0.11438342,0.00027601497,0.009485386,0.0004701838,0.020697895,0.7714504,0.08323663,P16_T11.mp4,131,00:13
131,408.2849330357143,269.90587332589286,15.24237351190476,19.20458286830359,0.5582119226455688,406.9293656762185,407.6686706701552,408.62712418232474,410.0658861753902,412.08779262140575,414.5810597954026,417.29140819132624,420.02497005829423,422.58089004654806,424.4586860225694,425.574630425541,426.382446031141,426.90991015890313,427.3153337500577,427.4958547337932,427.4441572163387,427.13512183055394,413.067568131521,414.6028865982603,416.32426241934036,418.0506031856016,419.5622129917163,422.42481535673693,423.3125714561009,424.42211891628403,425.62520020195416,426.54881462029863,421.5942430083462,421.9928465821195,422.4129569055682,422.92055026365506,420.6124118776849,421.64334026539734,422.7094181847853,423.58321969067975,424.32381451267713,414.61840780398023,416.1558073032135,417.39217961431217,418.60742978900157,417.4829236200003,416.2486186052075,423.0515248169893,423.89897207243513,424.84224022868324,425.93479739783135,424.95335225405506,424.0272941678513,419.9794318475744,421.12585135741824,422.3779570983427,423.22790434001894,423.8809653034823,424.7718587482035,425.33867705481225,424.9719070969123,424.29949733892073,423.53018564212516,422.57875406930174,421.3064726153267,420.4006740329208,422.4506709835582,423.28450018214244,423.96809806532445,425.18271500174336,424.14964788954705,423.4218606893146,422.5602912589046,279.16994059517816,281.870043855223,284.63947915097833,287.1719981692206,289.1001990873982,290.17522613331977,290.6908180737251,290.6696904428406,290.38821946567424,289.5154330640789,287.98924366793693,286.2369827147705,284.4292399243337,282.5008288424785,280.4872218013003,278.4536890456945,276.587081881673,275.46386141987597,274.8026734407356,274.58525499539144,274.68329703780597,274.9072731393391,274.81346665051876,274.3428256987928,273.8946159422001,273.79752581761943,274.303330037209,276.3681689390658,277.56700642942894,278.62936802313214,279.72117657002997,282.3371772713229,282.3225990549146,282.1585353981166,281.97820260015783,281.67692266616257,277.24969773756413,276.6585808010529,276.4799540376535,277.1135041195693,277.49355559772295,277.58244109716395,276.6127033064875,275.89447855358634,275.7827188669466,276.2148538494398,276.6943010713432,276.78212819749274,286.2284896296812,284.88403274906335,283.76724769138133,283.8313064044882,283.54672418072187,284.1490738850348,285.10531587092356,285.6652413583542,286.200923847444,286.4103210457594,286.4664127697804,286.2994507772978,286.0265621704432,284.9106658441299,284.8557513114273,284.6959293895082,285.02386714370857,285.06833805261465,285.17299956406447,285.2072452545645,15.583644326438334,1.9670351205350407,2.819713744642327,0.3614345,0.24044973,0.55964655,0.34659278,0.19260193,0.0,0.21598616,0.282215,0.0,0.12506053,0.39741772,0.7064257,0.40742508,1.0,0.4133933,0.54901075,0.037992973,0.07651843,0.09109084,0.0494628,0.30804393,0.0020844804,0.12043431,0.061963566,0.24431032,0.059732277,0.20343113,P16_T11.mp4,131,00:13
132,279.99224330357146,169.56887904575893,51.73580729166662,63.620832170758916,0.9977158308029175,282.533797392394,282.0634116371209,282.15459943770975,282.88369002067515,284.3768544199997,287.1063315888102,291.7252492001374,297.7992536261603,304.62359499679087,311.9287621452257,318.95737165202235,325.2130759275194,329.6649691051567,332.57611654508383,334.55643307780764,336.034991456725,337.1940762726831,286.34170488469357,289.05852592942665,293.2664363379501,297.84154385145956,301.8900928961165,311.6055799113009,316.12478887985134,321.2847606304127,326.1297956829874,329.67416569904805,305.9776785467593,305.5656247251555,305.13978511374756,304.6674278471912,300.2594061993447,302.43013454542444,304.85278403669093,307.67260943579186,310.40401602360777,289.96945970313664,292.89907996488574,296.0732154061818,299.35912290955497,296.2073805600648,293.03422120456275,313.9548204700309,317.10295881043544,320.366266173501,323.66352949085535,320.22898619105854,316.9541114149935,296.0255123414793,298.9875755107737,302.1600113341487,304.25433195730375,306.50736322046265,310.36311598110603,314.45178692993943,310.3367184347606,306.6208531025269,304.0702976928537,301.7233141903188,298.85515775523527,297.3220273069252,302.01914099417024,304.1946337310487,306.49418037409777,313.0403350181753,306.5772546037275,304.227818372787,301.99865001827067,195.1566623447881,201.28798962744145,207.6954854825703,214.1285142859053,219.98093813565336,225.143640196128,228.81993878720095,230.98603925797755,231.9039967539396,231.68653211985907,230.87139354471665,228.47461373987898,224.06998222684155,218.35805557471716,211.82156622773286,204.83017539557144,197.80330418608625,184.76296179661503,181.92628811009052,180.7814634752839,181.118694291342,182.51780178941044,182.77966467556917,181.3294264362279,181.0382684623282,182.46202269551017,185.90135313868834,188.14724691668212,191.198334115959,193.9588298806432,196.90525292465068,204.35576584606358,204.82676250817977,204.99567768148472,204.94301455377303,204.56922147508803,191.7689347589719,190.3063759961467,190.06889136462664,191.30201308440135,192.53835884513205,192.75670855467615,191.34768889399317,190.01226246176583,190.40900152001413,192.12191605034252,192.89111716119305,192.63057961297142,215.56441157242682,212.8815680969361,211.28891461725703,211.838794483286,211.4008527731872,213.27005479347136,216.24347605200518,217.13567762445143,217.51838971552,217.56528733879802,217.38564659805022,216.77955420142223,215.2830804389569,213.748209418077,213.9026994540065,213.82565920928528,215.8663292426433,214.9493637592831,214.97250768631514,214.80017962561854,12.158517645767029,2.9485129226598494,6.5395818214330514,0.6881067,0.47523382,0.20292151,0.26465708,0.12301374,0.0,0.21921419,0.003359893,1.0,0.037151154,0.5673794,0.45239535,0.5410422,0.0,0.34666273,0.5490364,0.028366309,0.3306903,0.10327187,0.2825145,0.16097131,0.00067862915,0.0033472017,0.00019728772,0.053734753,0.38294598,0.39812478,P16_T11.mp4,132,00:13
132,408.38165922619044,270.1225446428571,15.046242559523876,18.947126116071445,0.5211336016654968,407.01393860766467,407.76439912165847,408.72249519381774,410.1520769245673,412.16426969211483,414.64632051816943,417.3560795074129,420.0857261163249,422.6323930722462,424.49796698949564,425.5763760458279,426.3231504047622,426.7894544406062,427.12589469162214,427.2438272598532,427.1436966522331,426.79690535256105,412.9274135609623,414.38382697701456,416.06146932561614,417.7564311821812,419.25496569580866,422.08170861043703,422.9634694255689,424.05900555088715,425.2548186458647,426.17071298580686,421.2787325836818,421.68462297746777,422.1118591904973,422.62495300192387,420.3989164863846,421.4293323459237,422.49773999624887,423.373325146452,424.11671014001723,414.50503371826903,415.98664308831627,417.1835105320572,418.3899646893609,417.3073558556282,416.111201249226,422.76247775533704,423.5835484667814,424.50028303324444,425.5981541751684,424.6332678530365,423.7276202110374,419.91106470589125,420.9830135044409,422.1851147462847,423.0373104295128,423.6826491193114,424.6006562223924,425.2178513893525,424.86035804317135,424.18708859757254,423.4181512313429,422.4709367702316,421.21539441124935,420.33088117665943,422.2956479003154,423.1250517615616,423.8095151927455,425.05503446245564,424.0002249297287,423.2740415413731,422.4156200506658,279.08290628365774,281.74263655960095,284.46731634561104,286.9709908077427,288.88477339923185,289.9588281849,290.465585062114,290.4163586296208,290.08816344014235,289.16487646202023,287.5848982496387,285.7976849418932,283.9804958754119,282.0616502415322,280.0749021079258,278.07566576885125,276.2402227812031,275.5753190103037,274.8760425210764,274.61590432458826,274.6609255588647,274.8303050614511,274.65186330927537,274.16671245048553,273.7026045228305,273.5964432571166,274.109121020895,276.2465400649567,277.42050117197215,278.4565621340481,279.5270147873089,282.10998494975,282.08558043492957,281.9130277220226,281.710480277523,281.38954898183835,277.2849543388933,276.7123338664699,276.499903596319,277.04863927468125,277.45071815703164,277.56894141653487,276.436451586745,275.7481109167283,275.61409343143794,275.9842389627792,276.4658615477832,276.57452113219273,285.9794367800001,284.6196182441598,283.49650778171076,283.54188136904435,283.2422145803592,283.81647959291666,284.75389321822274,285.35029142358604,285.9007739599894,286.11928164277424,286.19040004174957,286.04199842050275,285.7678338619315,284.64798537566924,284.5750781073268,284.39784722998405,284.6833101248535,284.75512509871874,284.87644567711476,284.92523979951096,12.158517645767029,2.9485129226598494,6.5395818214330514,0.36727816,0.3085393,0.50124395,0.3297567,0.19159903,0.0,0.33072162,0.24808338,0.0,0.06930785,0.32213134,0.6950278,0.40398493,0.0,0.32446235,0.43946135,0.027260667,0.14095981,0.28697503,0.23794667,0.35089752,0.0019325138,0.13585491,0.053056754,0.24138577,0.037869725,0.1790028,P16_T11.mp4,132,00:13
133,279.6374069940476,170.09063546316963,51.21564360119049,61.362064034598234,0.9973375201225281,281.92900899881334,281.6435819689393,281.79513264846435,282.5276166271097,284.09604546388044,286.88006611951363,291.46360296721286,297.3249999588762,303.94551970269725,311.03487878806345,317.747020200301,323.63288782079997,327.81731926763257,330.4996082927789,332.37866554957225,333.88251088651066,335.1885678836635,285.7308912872015,288.4785154210382,292.54169096290184,296.97841939893675,300.97373508469053,310.3403878142634,314.7635258454576,319.836685939796,324.61722550400725,328.1524687894943,304.7876420175683,304.39164619261953,303.99076326423454,303.54467627492375,299.33385622511855,301.4555328212922,303.8549513839211,306.5471528680801,309.18016268587905,288.4785307823871,291.355981356653,294.5500512770218,298.1024224665589,294.86045805472423,291.6440549274987,312.7486128187825,315.76144296111346,318.99347955258656,322.4705867158325,318.98746229276526,315.71136935257886,295.14601455882485,298.1723034372915,301.3534083791686,303.4312458799923,305.54139268655945,309.3117392228463,313.291728671331,309.30702548320517,305.7427009697269,303.3235540461231,301.0394180182101,298.12506948382935,296.3684180386958,301.3097272862647,303.4352025245793,305.61343302405504,311.88303591858323,305.61337596761615,303.3986271527919,301.2385559622225,194.2627257804709,200.2507902608812,206.5677543886197,212.95973456658822,218.75108600163767,223.81384426827623,227.31811907433303,229.49676652470814,230.44608911028288,230.0497575301362,228.8882376594854,226.27088325071824,221.9070093036719,216.57091997219757,210.56696307908643,204.10946455347965,197.45655869717058,184.96709734488624,182.543934525778,181.6192701969435,181.9048256038049,183.12497096538402,183.318642463658,182.1646957380266,181.97362908563443,183.33202219857057,186.48464500506464,188.64907662424994,191.53135505103472,194.1499756738489,196.97376686184566,204.1302594309656,204.6160291735033,204.7874003820968,204.78145334558488,204.44816474142127,192.15100992183508,191.22172292421374,190.9615367850999,191.69867525246917,193.23853417472012,193.48062683928018,191.97669152872666,191.17365067999603,191.59343903994932,192.8795153111092,193.77795013665641,193.50884344277472,215.25583050187754,212.58345174126543,210.96885107858674,211.43653393000588,210.99318345528195,212.70176923963308,215.44358129738055,216.40373143946817,216.8307813285056,216.9182400713638,216.7755243619484,216.33721679862828,214.9570698211377,213.31683326158367,213.44419201103213,213.31141728884882,215.1656418278677,214.44813077546615,214.53778399674206,214.42220520743967,11.272435119202557,2.696653101157847,5.981154981609012,0.6635687,0.43114474,0.1213536,0.28386357,0.079404205,0.0,0.38426012,0.00087659206,1.0,0.04810067,0.5711298,0.72767437,0.5014678,0.0,0.33108467,0.65322345,0.010847276,0.32339817,0.07532461,0.78632575,0.30928996,0.00040734903,0.0041615195,0.00025080043,0.02559327,0.4466571,0.21363996,P16_T11.mp4,133,00:13
133,408.37306547619045,269.7234165736607,15.277790178571422,19.32836216517859,0.503594160079956,407.7812256370438,408.4826806224448,409.43446676021756,410.87207263565057,412.90672746836873,415.43823174752197,418.22946107759935,421.0336358772933,423.6337826657801,425.58936976635624,426.79173901205814,427.65377263572634,428.1575496503212,428.4876425358759,428.5912698865289,428.4531664443236,428.06286827722994,413.1696107770182,414.57027837792276,416.20926690402143,417.884231504002,419.39474135930385,422.39006644172593,423.40404620166936,424.6327045385959,425.967278217655,427.0014033623968,421.5194227812389,421.9094071271447,422.32490637984694,422.8136020052869,420.7837291438848,421.81478658283,422.8612171125628,423.7579217563626,424.5334748319892,414.87652361814594,416.29526635173977,417.49100111338674,418.666673438567,417.60878497929747,416.4136142663052,423.2174069257074,424.0870897680202,425.09352399473346,426.25257209179125,425.2255265871505,424.2436464490595,420.3343219957015,421.39954170501125,422.56287823081215,423.4108092556382,424.0779543917679,425.11884259047855,425.9430310378596,425.43049882686563,424.67600356768486,423.87927654794817,422.9210187122212,421.66636989806375,420.7574635546874,422.71269121249344,423.5458131951865,424.25757762134975,425.7220539175646,424.43434604585275,423.68383368906035,422.81901853133957,279.79458136731563,282.502082651488,285.2462249786673,287.7357325175375,289.59244382438845,290.6235026458059,291.0713904570489,290.9484886790792,290.56955443341315,289.6436519768944,288.14169132963485,286.377542066003,284.4804031248081,282.4358124644379,280.30484494144065,278.19718451714743,276.24658744995236,275.84612811223917,275.05612474601384,274.7186148971429,274.6980568443949,274.8226210451768,274.56415197024006,274.07756668860293,273.62265038873,273.51760323913464,274.0549611945369,276.2720235558338,277.46935991151656,278.5175116191299,279.5851810691659,282.3134208187075,282.240791259569,282.03608998440376,281.8325762528524,281.52601027908037,277.5342096083882,276.7719400168294,276.5470511914638,277.20087828172103,277.60183185324325,277.7522033536905,276.4466823277701,275.59788725782334,275.46281212095704,275.9061142719354,276.4150244057834,276.5427454818183,286.3315237141101,284.9778332095643,283.8864847758043,283.92162030659284,283.6032894944573,284.12635199614635,284.973264138966,285.56758478737805,286.12616576465314,286.36665647995426,286.46132817574016,286.3485184447803,286.1048134816302,284.998145873498,284.906894413918,284.7026576494097,284.9003484080835,285.0015688746483,285.1565564497484,285.228478183124,11.272435119202557,2.696653101157847,5.981154981609012,0.40704164,0.26123857,0.6771588,0.35155097,0.18821533,0.0,0.20689633,0.025533369,1.0,0.08161115,0.21800166,0.6229476,0.35615396,0.0,0.5892691,0.53056717,0.11198607,0.09846236,0.22652222,0.055004172,0.21427965,0.0011204126,0.2049301,0.049168635,0.23404868,0.068679065,0.2277734,P16_T11.mp4,133,00:13
134,278.84871651785716,169.8000523158482,51.78729538690476,61.9852294921875,0.9978304505348206,281.32291414143674,281.1079700002663,281.3068204307956,282.0133975057315,283.57201131191886,286.3790825288879,291.0463373099612,296.98357539398984,303.63197371366385,310.74938399324145,317.6540336447315,323.78412802794315,328.17541003137137,331.0342604347255,333.0286302990205,334.621224889012,335.932676098043,284.8799822006045,287.61418725839593,291.78354452908223,296.3755811637891,300.5235355727343,310.40286822566827,314.94066506533835,320.08767757247676,324.97774490049466,328.6204521161837,304.77438332508444,304.4147975137179,304.0427778699841,303.6239246415787,299.343217070725,301.46751150536124,303.8758554992846,306.63740988972546,309.3109520771932,288.44733383052494,291.4553791384633,294.7481656362286,298.242741994318,294.93677683129624,291.63286439224885,313.01644249849903,316.1340247932019,319.41556786116394,322.7988338208479,319.35041715100647,316.033037867311,294.91927547516514,298.1209950684058,301.39625582563,303.5243165432386,305.7436192897714,309.6250321458543,313.686823133462,309.6385322419706,305.94134582067323,303.4276833429261,301.0930999726768,298.0834541607326,296.2205761193165,301.31474095955616,303.504037581125,305.7752879881487,312.2991950273963,305.80384434909627,303.49984346259424,301.2796717443574,195.63424638587833,201.64924192006666,207.93566253942345,214.30763253633714,220.06469421441517,225.05034399634835,228.50985335600353,230.71208036519903,231.71656731977794,231.47926710810944,230.4612312885941,227.92192749528414,223.46279032894608,217.96226594531117,211.73011172216584,204.9801833692859,198.03914331092466,185.57043458700002,183.0011180184324,182.01383204838794,182.31544170806674,183.62426161757548,183.7682027901735,182.4437923755767,182.18259100851802,183.60668045792056,186.85014616118798,189.50465077469062,192.69637719333488,195.6146368866591,198.6826611930571,205.45367984387642,206.0221824135989,206.24695790555353,206.1207841008328,205.6401762455623,192.89405938894572,191.74547830501479,191.50037064859725,192.46838074248745,193.98668711884176,194.19840365082575,192.4800076725581,191.37528527527112,191.7276732521402,193.1203112460914,194.14921364543636,193.92845493084835,216.43377575260902,213.7765533857667,212.25305091330458,212.71048914548675,212.28281319416794,213.91918888404408,216.61660119219823,217.64111439773197,217.99322084550306,218.05963511145467,217.8980418427361,217.49252466987028,216.18665970750817,214.63433929588146,214.77188510274948,214.65112463706257,216.3517421636302,215.63746515702599,215.6960143423502,215.55755966201625,10.11242795029829,2.9419026717039034,6.130431951474879,0.6387063,0.4194798,0.08443134,0.27180853,0.12310403,0.0,0.44921768,0.016028155,1.0,0.045633685,0.54733616,0.42943606,0.58353615,0.0,0.37770033,0.745585,0.012211946,0.37390587,0.32253733,0.68712515,0.2019543,0.00075248897,0.002473666,0.0004089517,0.058430646,0.363847,0.3721329,P16_T11.mp4,134,00:13
134,408.26867559523805,269.71395786830357,15.185044642857179,19.286237444196445,0.5817976593971252,407.0406273494556,407.8409099125395,408.85474551951756,410.3395919519177,412.4044775263959,414.9344546668764,417.6892167529083,420.46185249177256,423.0401403625662,424.9215916604211,426.01365570880506,426.7833953209147,427.25752234466574,427.5986267384657,427.7147440959417,427.6134007464795,427.25984811287407,413.1183359361121,414.5668232726931,416.2295378638515,417.9218115067109,419.43501065374335,422.44487888823494,423.3485695063361,424.4710768397673,425.69038496352067,426.62419883213505,421.59476232701815,422.0147607512872,422.45646634550064,422.98717740610675,420.7260947985026,421.7729429332847,422.8546279306607,423.74582064842525,424.50078901143945,414.73714509990697,416.23854021457953,417.45322025272264,418.66327220525545,417.5791290115881,416.36607811475824,423.10502598487653,423.93507831205415,424.8790946608991,425.993425939662,425.0123642140467,424.0864587850162,420.21130545596327,421.3088969973548,422.53192000472916,423.396798158827,424.05149501217613,424.9840011534705,425.5830244130355,425.23965494723194,424.5670913383465,423.78853560250053,422.82280104803755,421.54227528398206,420.628449779151,422.6418077244656,423.48608365543686,424.17932397824563,425.4211821215136,424.37264276975435,423.6349728250868,422.76051294739756,279.3363195427336,282.0501475565152,284.8271616988749,287.36618602250735,289.29279805559617,290.3560038175517,290.84574080159075,290.776421597417,290.42282068273965,289.4797009823736,287.88178924597366,286.07752696701874,284.2251822582479,282.2579699820348,280.218245053604,278.1737830622862,276.2952155238853,275.71472598837903,274.9929805206966,274.6897822862067,274.6880103708665,274.8199328821069,274.62950819599627,274.14988609652875,273.6982966771595,273.6098947241661,274.1440889192479,276.3271327610859,277.5394842721023,278.60485854391754,279.69908282540604,282.3562881774751,282.320405684809,282.1347677221164,281.92512578991426,281.5965068813181,277.4248767327189,276.8012211599795,276.57539817138127,277.1581610556463,277.57243265505366,277.70042784595654,276.50329176989743,275.76179382595456,275.6188211568062,276.01818080227986,276.5170449781044,276.6349445968646,286.3261551750832,284.9385061275247,283.7906429545696,283.8302637816631,283.5186756763291,284.0909429452839,285.04398923404096,285.62717078417273,286.19295045651796,286.4301539835021,286.51217386851454,286.37159731999355,286.1068211625538,284.94589589045,284.8667714902948,284.67786420930224,284.9690059703991,285.049345674108,285.1849340981679,285.24373216703617,10.11242795029829,2.9419026717039034,6.130431951474879,0.38764215,0.24995813,0.6385241,0.3448136,0.17436756,0.0,0.3319871,0.026065037,1.0,0.055451307,0.2624604,0.6962724,0.43172017,0.0,0.4398476,0.44637322,0.104814395,0.13265814,0.17673327,0.17402016,0.38947478,0.0024904548,0.1190403,0.054372713,0.25139752,0.031333186,0.15189108,P16_T11.mp4,134,00:13
135,277.73316592261904,171.64944893973214,50.827548363095275,61.019635881696445,0.9971544742584229,279.8973386764657,279.9957126143966,280.4526153058716,281.3703508890724,283.0898778747223,286.2096996394069,291.20722094642696,297.3274789148135,304.01176099051037,310.9778521722648,317.5714232185157,323.1622803761948,326.9474494729831,329.2650193842178,331.0154227737271,332.44592401132604,333.51814636097157,283.5051217528763,286.32289638977795,290.56727043304664,295.1403192018009,299.2421432889374,309.31337635914764,313.684217306994,318.71653212473115,323.61046286766816,327.2152966572163,303.5884210307733,303.32308777807214,303.0550354640091,302.7511683545441,298.50202831607936,300.6679003536626,303.08885569915043,305.78787544018456,308.3744578476646,287.0524820921136,289.9554074307326,293.3475019466182,296.8267286310883,293.5012794875872,290.1076486802099,311.479202569854,314.6411523277896,318.0625433113983,321.39921567527176,317.9988308591344,314.57341583928877,294.1225020839471,297.39834472433597,300.78385762780795,302.9794865841154,305.2496453178639,309.1895477733392,313.37048650783754,309.3158684683573,305.5934734639728,303.0427844122551,300.65350198539176,297.4916307878165,295.4409915232773,300.7286166010711,302.9876874128456,305.3249497877475,311.97247870818245,305.461151630315,303.11275114209775,300.85107474503747,197.687549265277,203.82884831685058,210.1957683589559,216.59439623540135,222.23117192371947,226.88998460144836,229.8095058161965,231.26631604559205,231.80158706100525,231.36589566683148,230.17492496801506,227.5316568960602,223.05468526581203,217.64688684119943,211.60442981637067,205.09791237834392,198.4469857223228,186.97596415095572,184.3257587627333,183.41727366196656,183.88820810669733,185.2789054283731,185.39842628775432,183.893120311453,183.3084893851699,184.35806016424073,187.43013250544317,190.43258727396022,193.6187358051235,196.51330974098818,199.54222189309365,206.4556274420557,206.93111402322373,207.08542839332202,206.9086283022987,206.3974273084114,194.08507883323682,192.39359353177633,192.14186431481338,193.59953216147633,195.14310576220907,195.40645973027526,193.41478219842955,191.81077167601407,192.1266999830288,193.88087863430056,195.0729950050391,194.877135297696,217.33252319469548,214.6623220125255,213.0615542872077,213.48049923122826,212.97737249660173,214.4598239547307,216.9392238438728,217.9868262494698,218.40136308438045,218.5162794337508,218.44087894564893,218.202714484244,217.10949906052056,215.40368740445285,215.45959619425287,215.28096302815413,216.7429975215146,215.9968966856424,216.11440552690516,216.0743702943653,7.4473262202571915,1.3091917885436968,6.1982783379117405,0.58303875,0.31583327,0.31569317,0.29888567,0.07193755,0.0,0.4938648,0.0019174435,1.0,0.046943035,0.48632842,0.45885026,0.5857668,0.0,0.4395328,0.7619741,0.0017040231,0.4157986,0.2775134,0.23934016,0.7632099,0.0008652062,0.004746028,0.00046215518,0.013854975,0.087048784,0.12981287,P16_T11.mp4,135,00:13
135,408.268712797619,269.6538155691964,15.178125000000023,19.297119140625,0.5845993757247925,407.09034246337563,407.8821153704472,408.88666500315617,410.36401637785184,412.41681948403584,414.9272437898662,417.6532784489582,420.39823133358897,422.9640818374248,424.8414864301931,425.94977851039897,426.73469888325366,427.22490956105344,427.5855780466127,427.71660675465995,427.6219942332844,427.27345665526974,413.179365516607,414.6313636533962,416.2899322778236,417.97507254482645,419.4777288491156,422.45051340010997,423.3465925817045,424.46917150045795,425.69403982166136,426.63480005218463,421.61741583669374,422.02921384086534,422.46280717568175,422.9862829578999,420.7323909773799,421.77091481153207,422.84294667190574,423.7280957525962,424.4808579715218,414.7755329127324,416.28027889662354,417.4929583403066,418.7023114115715,417.61556345878216,416.4047004076727,423.1247138797555,423.94997031383264,424.8882889041868,425.99817515872587,425.02014437450725,424.10108285800254,420.21340786828245,421.31435570465567,422.5393965555488,423.398818008906,424.05176973196376,424.97160418147854,425.55620516241345,425.2030907167895,424.5297156191797,423.7565065616642,422.7987169606453,421.53135250650394,420.62663855899757,422.63664533058346,423.47580627741576,424.1645517000247,425.3960658648766,424.3512274440802,423.6185849474527,422.7506101621972,279.3704229193461,282.07159397979103,284.83675768239607,287.3661078050716,289.2796718603333,290.3305709040707,290.81303568892014,290.7471624731419,290.4098351842474,289.48468682028886,287.9106142663497,286.12510726775923,284.2900594039396,282.3373918395589,280.3074102706143,278.26557453174735,276.3892768894684,275.681308898948,274.9831847624051,274.699443124786,274.7110288385111,274.85335479064213,274.6632270725544,274.1771115594702,273.71937649022857,273.6252194472339,274.15821196713785,276.3603802367941,277.56588589597794,278.6241629993672,279.70937819839287,282.3692601436092,282.3340088774026,282.14833242531,281.9467045682233,281.6295839565906,277.4221203561157,276.8064681717411,276.5890138211556,277.18302112077487,277.5865487417393,277.7065804073629,276.5371272422648,275.7892248396396,275.64599966276563,276.0502857242461,276.5458448224277,276.6641684441229,286.3219691646967,284.93936315923764,283.7940075609642,283.8369619327581,283.53164511237827,284.1124117934885,285.0714767339739,285.6487955817645,286.20831488652453,286.44151981754527,286.51684213937097,286.3716011256021,286.10530776056527,284.94497796546034,284.8710345009151,284.688219281197,284.99315653625945,285.07305434545685,285.2026338041103,285.2568522942876,6.9054123145944715,-2.711982804676419,-5.93075637226876,0.37188074,0.28618792,0.57554793,0.33313835,0.15848888,0.0,0.31962714,0.11907224,1.0,0.05079111,0.3263303,0.6787947,0.4056539,0.0,0.42217496,0.49079448,0.08107236,0.14630215,0.1255348,0.17118953,0.32020056,0.0025627709,0.1243036,0.06342088,0.23522602,0.048140224,0.20614597,P16_T11.mp4,135,00:13
136,275.39880952380946,174.23180106026786,52.293563988095286,61.44027622767857,0.9932032823562622,278.2837594968415,278.64445435578455,279.31728208776383,280.34987632978573,282.20899882390654,285.5245875829116,290.72650769859933,297.07043099546337,303.9522846893098,311.0445363017348,317.65109774227716,323.03803065264964,326.44062163386025,328.3642528408556,329.9010756681846,331.2459005620028,332.1487830392165,281.5076998945884,284.508367437943,288.83373283150206,293.57771216764314,297.9291218677472,307.60842807999114,311.92998120055137,316.9330237131263,321.8890401353717,325.70044740769345,302.4722921956078,302.40188709391913,302.33859237576036,302.2490973444958,297.8966065848439,300.16540340616,302.6957858761882,305.4253777379303,307.9709785380969,285.394084798922,288.3242769277718,291.74773543444076,295.4338430711657,292.0732266439017,288.65717295568004,310.4991813108255,313.68385969123506,317.10798397238165,320.5476737531963,317.18039738388063,313.7451065486244,293.54111214957845,296.9676116855446,300.50331801131864,302.8807437389853,305.30167552162465,309.38571194933996,313.55244503791147,309.54776101773575,305.7493484327427,303.0757739126912,300.54238117522294,297.1888070159482,294.8426001786377,300.5272727088597,302.9552665349678,305.44390077042624,312.1964799572897,305.56507172535174,303.0707113899307,300.6584368727759,201.73946183537234,208.04899557332843,214.44859563418,220.9154323254439,226.5900633066141,231.18541892768684,233.99409073480604,235.26089477003984,235.60744027337694,235.01306846053174,233.51373554784638,230.46028724961812,225.5946623470428,219.96955356117437,213.82210844257315,207.31372127153477,200.67421388209033,190.15533529172004,187.5470703914642,186.52692151789503,186.8005680118468,188.114885932572,188.21125623888753,186.65405368126196,185.94766366460186,186.71452929494953,189.3646962390604,193.24206132745138,196.58674970458927,199.66943055611836,202.89728979472602,209.71301428501394,210.1765559198195,210.3338237167193,210.06372142815496,209.44502577548414,197.35386692298212,195.78050779857807,195.41023171980135,196.54047727975745,198.16070648793033,198.5455109523373,196.17301810817645,194.7804639958675,194.98149273169844,196.45125251337984,197.6660668129213,197.5320857418094,220.95995791625032,217.98129169251402,216.2141680250942,216.61953019911357,216.0522815550857,217.5213140385754,220.0951190671072,221.26577911540232,221.68686499292596,221.8474594649383,221.80524540796176,221.6702579846692,220.68512709080207,218.77396761956558,218.78440028365702,218.5681136667286,219.93094303602385,219.10597594817034,219.24918557639765,219.25643219100877,9.61714651263681,-0.6881766538599428,3.398858344841253,0.5316523,0.28186235,0.1808174,0.30309093,0.07584763,0.0,0.38348997,0.015903048,1.0,0.03759853,0.28900036,0.5163112,0.5637463,0.0,0.44229007,0.8009559,0.0006123874,0.25080588,0.42059243,0.66184545,0.91940016,0.00037260284,0.0031955368,0.000558256,0.0052362164,0.018873584,0.052363552,P16_T11.mp4,136,00:13
136,408.37987351190475,269.74857003348217,14.977604166666708,19.149169921875,0.5613178610801697,407.1403283166017,407.9387915110145,408.94004930292596,410.38869611709544,412.41047316431815,414.8867703444574,417.574794329559,420.278331031326,422.7952083606231,424.6260828430548,425.70269085522324,426.4818288972618,426.9616945027099,427.2971491250808,427.40993476577734,427.331135753311,427.00996389708763,413.19412148147404,414.607188073396,416.23285668005866,417.8889042427198,419.37621163405294,422.33545477455647,423.2287316767923,424.3273212879156,425.52202920359724,426.4237555097805,421.51657618209885,421.93675220673487,422.3791276055288,422.91097163208343,420.7012915653193,421.71392434503815,422.74914411138326,423.6028092108043,424.3293976854491,414.81219740362013,416.280307020528,417.4752409293449,418.64626476445284,417.5959376994304,416.4065262410457,422.96978874242797,423.76024287709316,424.68101561078385,425.7541351107373,424.80750876237454,423.91101043071995,420.183087936546,421.25281069119393,422.443731509791,423.2832288941152,423.91283618132167,424.7975499982147,425.33524930145524,425.01220786565847,424.3678781529323,423.6224925280565,422.6910104590659,421.456955084055,420.5871691409864,422.54126740765224,423.3586489667958,424.0202130529813,425.1803905872528,424.18660974397955,423.4804291342751,422.63695427077056,279.1872940441228,281.8752194140381,284.6286471821351,287.1419921702456,289.04705403552924,290.0986672069395,290.5878861888761,290.52880610470146,290.18647581239765,289.26333494458066,287.6963629185904,285.93069224947084,284.10256666535696,282.1502914099821,280.12916084009174,278.1059285340436,276.24518734672,275.58887931299813,274.87471155803195,274.5760623146327,274.5717417367834,274.69913201263824,274.5451156364854,274.09346698604185,273.66702204879965,273.5983988908685,274.13520243950023,276.2609712551477,277.46835533123357,278.52615318144507,279.61256518671706,282.25781483476584,282.2107329315897,282.02065216001773,281.8247393959011,281.51780647685354,277.3012621704822,276.676521268788,276.4555273756252,277.0529326955422,277.47033585289154,277.590212884241,276.41541290929143,275.6716352598143,275.53540865237136,275.94099579288576,276.4438236705302,276.55720990510434,286.2750893517206,284.898155637986,283.7527046382003,283.788407444603,283.4845288570197,284.05740775831345,285.00889501356704,285.5519729534264,286.0911295699754,286.3250913601352,286.41278491454267,286.3002923800943,286.0567868313503,284.8865067191056,284.80692837273654,284.6239629607864,284.9268375909871,284.9889665280045,285.12109992038876,285.18591886054327,9.61714651263681,-0.6881766538599428,3.398858344841253,0.39442718,0.3248112,0.7292619,0.30954608,0.15151238,0.0,0.29595733,0.14597443,1.0,0.06468126,0.46135807,0.73059964,0.37935027,1.0,0.53620446,0.46202147,0.093838446,0.15439455,0.18005754,0.17245457,0.42239618,0.0038799455,0.10390951,0.054810964,0.21958427,0.029837849,0.16558135,P16_T11.mp4,136,00:13
137,275.3938244047619,174.44618094308035,52.80941220238094,61.165042550223234,0.989935576915741,278.44213102498026,278.5970745164921,279.1753277348124,280.25050543555244,282.23993799910903,285.6685523235187,290.8466685034165,297.19134455917475,304.1862852009299,311.3479606884431,317.85674885853547,323.2862010189327,326.8129457473562,328.7531807692469,330.10804576156784,331.0225937403234,331.4703917726295,281.1055530661307,283.90571588024017,288.03310329111275,292.5975440664394,296.78824014526344,307.0278867340523,311.23527729680296,316.1064048415809,320.9143637140798,324.61783547937466,301.8232020004631,301.8211698757818,301.8020232801568,301.7542672564295,297.2430204617276,299.71429406772546,302.4554924545908,305.2694885910734,307.94890076292404,284.74458307350113,287.7985492918351,291.26656146084684,295.0842193838271,291.64130362651485,288.1632467680127,310.1728326399488,313.43027381830075,316.85877658365905,320.3963097285823,317.0037989756099,313.53998230190365,293.3504473545859,296.7717862788986,300.2813574757041,302.69157765653466,305.1327390683849,309.2336935463737,313.54251972346486,309.5772079273802,305.90358586434724,303.18282684564366,300.58038604439196,297.1804205218674,294.59397641361306,300.3045070725852,302.778558717706,305.3175596050634,312.22265802409385,305.63741909230913,303.1236305505672,300.65408282871755,203.05793725513354,209.28018490799738,215.69164546175944,222.17376008140604,227.91559946003778,232.6962198026473,235.82068696659923,237.44057689125583,237.81335036778157,236.84801020915484,234.81166815820217,231.30037982697806,226.06908716591457,220.1047902890684,213.7456224937904,207.1238096926066,200.37685388494432,191.55468535293093,189.11503983172028,188.08432169411037,188.13221990094237,189.2315709169174,188.62194663711466,187.20337486414903,186.75701397491673,187.72525685631214,190.34677206792028,194.7649829886221,198.4483544377741,201.8528479453259,205.36142604783078,212.09329294693356,212.60771579467973,212.72207913438797,212.23052370474574,211.4833799260566,198.5339027307363,197.08250197260674,196.7477963817958,197.82978137210344,199.2995259381744,199.66964824665519,197.30612099741515,195.97123819988843,196.10968954496883,197.3438738928672,198.5494225634747,198.47429082350766,222.99371910917148,220.21514625265587,218.4886364989174,218.80916534047142,218.06639205167818,219.13602023646934,221.09241600878588,222.61321524661366,223.4941642640074,223.89508562040317,223.95174886878314,223.8397217068571,222.76824295427218,220.93250595205447,220.8872829750236,220.4576625057979,221.10409689769682,221.04084510298728,221.40157457682696,221.48358579163016,9.086752762706784,-1.8850042785390924,1.4875220122022816,0.6638145,0.5048265,0.2813595,0.23618273,0.07108887,0.0,0.3380348,0.0031951154,1.0,0.06456669,0.37717625,0.5626419,0.5713976,0.0,0.5081385,0.7582442,0.0015169719,0.16995388,0.49794602,0.22604242,0.83405066,0.0017159178,0.003530503,0.0017153092,0.04101152,0.017330473,0.10064568,P16_T11.mp4,137,00:13
137,408.33054315476187,269.75244140625,15.165773809523841,19.21259765625001,0.573756992816925,407.1232943130825,407.9171262511203,408.91637585529406,410.368714793063,412.39737202058365,414.89262792039364,417.6112759186181,420.35442576145454,422.9117023848736,424.77116290084484,425.85198969952694,426.6181031528644,427.08932872985423,427.4177111637213,427.5258106087328,427.4400197977892,427.1022131547046,413.2198830035788,414.6538737288262,416.2965698747377,417.96932303670496,419.4647765635809,422.40002471591276,423.2871028004231,424.3851276128639,425.5737460375338,426.4753507064183,421.57407893983816,421.99514375788095,422.43780812688334,422.971422023861,420.7447471545025,421.7660893010411,422.8206841472949,423.6812348280817,424.41097891408884,414.8206298752588,416.3027468680933,417.50533670354105,418.691628621036,417.62897138990627,416.4314234651642,423.0209932544099,423.8249670734739,424.7527184948784,425.836705935322,424.88122331794057,423.9765129749773,420.2694003754941,421.3393518181325,422.54035171335494,423.38587285546987,424.01800395615334,424.91327359959416,425.4571843177539,425.14141147032313,424.4944308501289,423.7423135430266,422.80275781173896,421.55616084943455,420.6792091862897,422.6436579764255,423.46454809987387,424.13132533103163,425.3001416479696,424.3059672786591,423.5946634760423,422.74654648510676,279.17006974106954,281.87202542821706,284.6403312310909,287.1787663070352,289.11347208400326,290.19374508328104,290.7041406310403,290.653523640326,290.31506837858416,289.3802687260515,287.79279929815397,286.0036548162235,284.1614294171968,282.19186588417574,280.1610188815912,278.1265220248682,276.2632041517559,275.6265753204266,274.9047177227104,274.59433033400285,274.5929121677864,274.73292722362856,274.6104248715292,274.1502945213143,273.7173264515593,273.64703377878357,274.1790934645298,276.28285990803215,277.4822657404532,278.53364222887853,279.6170765570139,282.29393262599893,282.25090942066464,282.06288421646525,281.8661507571169,281.5517012566497,277.32216205783254,276.70859904040185,276.48690613048217,277.0772233148531,277.49379796030644,277.6148058785295,276.47188140148245,275.7409987973451,275.60593976520414,276.0092775055412,276.50841429766916,276.6192545687647,286.29838191209893,284.89524523430805,283.72667489775057,283.7652841981553,283.46018470053394,284.05783869636775,285.0332896987216,285.5883780951805,286.1334623733682,286.36503435008063,286.44667647516417,286.32121686172974,286.07629323486304,284.88690251424975,284.80819154085196,284.6289268111002,284.9530588688941,285.0051393741632,285.1334463135672,285.19435600288745,9.086752762706784,-1.8850042785390924,1.4875220122022816,0.37023732,0.22926103,0.6427008,0.3055932,0.17038499,0.0,0.31674045,0.04330918,1.0,0.079101294,0.47185573,0.6382001,0.37963435,1.0,0.63020504,0.506941,0.055194426,0.15384614,0.13174492,0.18069385,0.39640027,0.003982824,0.106118105,0.06107998,0.23419568,0.03747054,0.16075268,P16_T11.mp4,137,00:13
138,275.24384300595233,173.68107212611608,53.2147879464286,62.39950823102677,0.9928666353225708,278.7639235016265,279.15884292231163,279.93909266307537,281.0774050440688,283.00329902294555,286.37604702431156,291.6303653563703,298.129521671471,305.21775939979136,312.52094517547494,319.212396766178,324.71053756327467,328.17914532858146,330.09574700703337,331.548300485643,332.62165937424555,333.2217714889542,281.3730347618715,284.29666271990146,288.5478745432026,293.1991640850832,297.4702325100127,308.54066728643875,312.8205125167406,317.7309353961891,322.57999874334143,326.3104199741724,302.621806652864,302.5262213733018,302.4428919328205,302.3557955847703,298.0974984939743,300.46523421699504,303.1260991720775,305.9610497074052,308.6523311021587,285.3463802466643,288.3599553965948,291.8281637090255,295.5945111513213,292.1449610818906,288.68504755348465,311.10412376084287,314.3374426242301,317.8128477831714,321.33560261320156,317.9071945356597,314.44943671383646,294.17679040982296,297.5861608757115,301.10163629075953,303.54634145036846,306.01911096399823,310.2387615469275,314.6483374671664,310.5909093835366,306.7739697839566,304.02615353354435,301.4319369561008,298.0092372610005,295.4420428895715,301.17439696687666,303.6756793821703,306.25352062327437,313.30967938459014,306.51137526532267,303.9517883511819,301.4655579451019,204.26508321352912,210.54323050913544,217.00338326351917,223.55108983991735,229.34577195537474,234.11063331414329,237.06618291276573,238.36137427399834,238.53373707424174,237.58017834318173,235.63107146588538,232.27394452671288,227.1423541855677,221.31275676452745,215.0726646080049,208.44854872167724,201.68336571742074,191.825618546462,189.293875059891,188.25473299223322,188.40104432389847,189.59990282616386,189.27141197245672,187.7600005630822,187.24172942478583,188.18178709495004,190.86960284547692,194.99668078226705,198.70336023014417,202.13325677175507,205.6541281480008,212.4024404050883,212.92879879044028,213.05141520233826,212.594289364628,211.8164050989964,198.6895534427454,197.00232251522206,196.70820246150132,198.0081381624801,199.3877881438325,199.7355754725093,197.37728379737464,195.7906592051186,195.93510716722218,197.43508395907105,198.53388732640653,198.46667882210903,223.62741881295557,220.81520808102096,219.12065310690917,219.45607748064995,218.72624806548626,219.81612064840772,221.85797646668797,223.16508446679393,223.85434375186068,224.1764500542913,224.2359172064818,224.22793707528118,223.35890614333064,221.50944379018654,221.4363327559602,221.03780375411816,221.82661830012464,221.50824319997795,221.79733996641332,221.8882099167734,9.725995110316932,-1.9346616915091785,0.6335944484878137,0.4833188,0.3008693,0.2990034,0.24175014,0.09862527,0.0,0.29030615,0.0011644552,1.0,0.046267163,0.41030192,0.53026444,0.56748396,0.0,0.47987157,0.8310628,0.0072471895,0.16467264,0.3573472,0.19933663,0.7993234,0.002111493,0.0020986435,0.0012895036,0.051616266,0.009497986,0.13406263,P16_T11.mp4,138,00:13
138,408.36785714285713,269.74620535714286,15.30591517857141,19.279603794642867,0.5534033179283142,407.8458675547277,408.5756483337403,409.5524407854465,411.00715141996346,413.0674152710169,415.62904487161364,418.4411201616097,421.2462495055575,423.8385132517692,425.76461016321156,426.8901319779469,427.6685978125947,428.1016527959292,428.3784784630739,428.4578224860491,428.3151692744544,427.9196350864401,413.2682326792307,414.6476407502485,416.27907620614263,417.95705929135175,419.46960557937757,422.3603409159263,423.37586525628546,424.600622948621,425.9170431344597,426.9238343645699,421.5904109967121,422.0169185605831,422.46723981163063,422.9924482070295,420.88940273393877,421.9408758270341,423.00072487333523,423.893849150722,424.6595690295779,414.9970899583223,416.40317655727796,417.5880912440204,418.7408149113959,417.7057158828979,416.5215761855697,423.2001315801777,424.0550814234858,425.0488260791344,426.1914555783397,425.18080043303644,424.2096945695805,420.42530818348087,421.5118791957386,422.6889750391032,423.53282543437825,424.20007753012436,425.218846621536,426.01021285826477,425.5281156622519,424.7989499104256,424.00850069853743,423.0511212490113,421.7843583030374,420.84184706679144,422.83280452466636,423.6659636513862,424.3753795840139,425.7991564884848,424.5580426583532,423.81251249482256,422.9517929794347,279.7357202606202,282.4518995740145,285.2063126178306,287.7074778752907,289.568448096249,290.59502224119115,291.0360546511465,290.9110731287733,290.51599124774805,289.55635026327667,287.99182866206723,286.18233594080766,284.2628581560343,282.21262779782325,280.09106393889124,278.00044449713675,276.0688516420821,275.8253401773609,274.98083338535787,274.6067699894761,274.57383293937426,274.70357609599495,274.4754368634702,274.0296883257631,273.61688028561986,273.56258758860974,274.13319560854194,276.154905804718,277.37247967614064,278.4394684158435,279.52797621214427,282.25003551639617,282.1850274185983,281.98412451333166,281.77613362659037,281.46302135545227,277.41162008901756,276.64073591237525,276.41651023849346,277.0848186365372,277.4799687773063,277.6273746597478,276.3827451080656,275.5532333959373,275.4304623860746,275.87468094023177,276.3792300760074,276.4959432059832,286.27127769745283,284.9327923770661,283.85646722129815,283.89279657381786,283.57549081013804,284.0982983931347,284.92906636034536,285.5044904844217,286.0505118962404,286.289448579144,286.3844330468441,286.2738164083274,286.0542034383431,284.95432936046535,284.8649394337853,284.66072420721474,284.8552686139249,284.9455755654456,285.1011319370907,285.17269297029094,9.725995110316932,-1.9346616915091785,0.6335944484878137,0.42166176,0.2831063,0.6251987,0.319614,0.17482595,0.0,0.19081017,0.03942791,1.0,0.1041381,0.28277946,0.6901572,0.40358353,0.0,0.52600867,0.5422631,0.059745222,0.13910963,0.10063657,0.051543802,0.26712725,0.0013111854,0.17576475,0.050916027,0.2546885,0.04598195,0.20421024,P16_T11.mp4,138,00:13
139,274.26875,172.73858119419643,54.41328125000001,64.648681640625,0.992461621761322,277.96006645972665,278.2330821458527,278.86419227651203,279.890965972314,281.8702652492531,285.37119772148435,290.8029094814177,297.47785290686295,304.57058012031484,311.738526495581,318.2376525865402,323.6127499856404,327.0565317090892,329.00150215727626,330.48625636904035,331.59897004959055,332.2019024727866,280.64308013788684,283.4864923090092,287.7345438340359,292.41464660411583,296.75511176155413,307.2718945692177,311.5559881276102,316.4394905952562,321.3198209755472,325.08006234098576,301.80363675620754,301.79117960848964,301.7877254550578,301.7753515399527,297.6380155740888,299.94007936343843,302.4867822979868,305.21668252535744,307.80229901841375,285.1527629772201,288.01461695212345,291.4087550460623,295.0082834842236,291.72271077361654,288.3596646845981,309.9711929392768,313.04834887537874,316.47392115275727,319.8723087339837,316.63626174001837,313.2393862179248,293.66283754614125,297.094157497838,300.5632095673442,302.935988709348,305.3623211016471,309.4566766710603,313.64474291443474,309.82356140431364,306.13465963612543,303.44675488595385,300.89733301938685,297.47993141016633,294.9901688308513,300.60045384956175,303.0443853154371,305.55953615367764,312.32413266320947,305.8577539813588,303.3469913514273,300.9077995204483,203.2029551602318,209.59091022467473,216.14927943982184,222.79977328525274,228.61133788191947,233.36424838005914,236.36945434641675,237.85083763736185,238.14235986374553,237.29141737453173,235.40757665642303,232.05827782062116,226.87126300631206,220.8944123126974,214.52030160618597,207.79099572448757,200.9238496999169,191.35768737136385,188.63382150842227,187.5756760536402,187.78508237143106,189.0621272858989,188.72580972970172,187.10724059670173,186.49958472272846,187.3869946564402,190.164513186409,194.57674566424686,198.25231403026555,201.65217899036944,205.16172603802698,211.8219881553785,212.27928662631894,212.41773945370224,211.936761304416,211.14527002092217,198.407024961352,196.61538517008884,196.3028929493099,197.666388804288,199.0941517964442,199.45871757662388,196.84219404000905,195.0929265847197,195.17112824849318,196.7160550152883,197.88845110326073,197.88051626083907,223.0243487467291,220.08472083120142,218.35110110712122,218.6778908411681,217.9951429663168,219.18076379165868,221.42490461854032,222.73275715983473,223.31263877331511,223.59316042270513,223.6553120643075,223.66320066638872,222.74140410349938,220.7677369000274,220.67640297956532,220.32686762204975,221.3669700959872,220.92736317930394,221.18437623960781,221.2757656484784,9.457050493794364,-1.3251122468947232,1.899382492260372,0.616946,0.48146588,0.25155315,0.34482983,0.0676735,0.0,0.1073437,0.002583117,1.0,0.0452831,0.42095324,0.673387,0.54945433,0.0,0.47172785,0.60832924,0.005528103,0.18634433,0.3783029,0.082180224,0.8131916,0.004153214,0.0012917792,0.0009817521,0.030217843,0.0046963887,0.14546748,P16_T11.mp4,139,00:13
139,408.3825892857143,269.7995465959821,15.316071428571433,19.267885044642867,0.5503705143928528,407.8637115295691,408.5828282179023,409.54623257654237,410.9833014193889,413.018903780229,415.56283962398106,418.3619448107914,421.16000536253006,423.7531782474449,425.6862547751543,426.8246479115981,427.61938505057844,428.06976884994987,428.35563916331023,428.44356491207674,428.3108108129046,427.9216911394841,413.2762926282777,414.66666607670385,416.3060712926063,417.98724192824614,419.50088093696894,422.3886161054238,423.406997485534,424.6308701606494,425.9399991146981,426.93872674710985,421.6027845493358,422.0243140947586,422.4707936050038,422.9923173283772,420.8786925797524,421.9245073447363,422.98304240221427,423.87574370930304,424.6446350882149,414.99139529876476,416.4062301590676,417.59635960541067,418.7553284695831,417.709378646239,416.5206893630223,423.19504543958493,424.05093783094014,425.04593619883525,426.1934760938146,425.1722750258991,424.2001911003981,420.38882488222794,421.48896618351876,422.677372257623,423.5257537503767,424.19746237026396,425.219796274629,426.0007547045785,425.52449482591487,424.7887010141249,423.9928627360652,423.02857636364445,421.7531678989503,420.80587682956696,422.81635144468197,423.6547455095154,424.3700628201271,425.79561345879256,424.54973591799444,423.79797214418716,422.9316719902194,279.68236883923345,282.39655125857126,285.14551671824023,287.6476051425362,289.5160658919279,290.5552917383405,291.01046735320506,290.8984295527078,290.52028543827123,289.57621785362716,288.0243008249672,286.2240858918595,284.314322090892,282.27363436934735,280.15815050105033,278.072939688557,276.14889828951397,275.8102029304938,274.97171859706253,274.60452454589904,274.5786994580286,274.7113832717276,274.5350508010547,274.10994496538035,273.7166984321686,273.6759831600889,274.24742748530514,276.1618824970689,277.3669103965004,278.4191721309628,279.49508699436075,282.2238626073301,282.1623890031063,281.96519828466563,281.7622358885474,281.45430007105693,277.38906134571545,276.622827033318,276.4034702060505,277.07929328241016,277.46850942608796,277.6112585329863,276.4100067550536,275.5908399015668,275.47950633394765,275.9348252760516,276.4242857312757,276.5305532322418,286.23524887877187,284.8954671895497,283.8144669654473,283.8578014050118,283.53853997931816,284.0705996329317,284.9107770193781,285.49842421337564,286.04881321587004,286.28498205268625,286.3739400332055,286.25239164348824,286.0220509883575,284.93389404931236,284.84796385672473,284.6459771883514,284.8378427485909,284.92303012019755,285.07487843957597,285.1418122603611,9.457050493794364,-1.3251122468947232,1.899382492260372,0.34884495,0.21150438,0.7033342,0.31991258,0.1923599,0.0,0.20571488,0.006692971,1.0,0.0665985,0.32369372,0.61123955,0.35425612,0.0,0.5721177,0.53077424,0.059474494,0.10708884,0.16302587,0.037672088,0.2609378,0.0016773359,0.17563306,0.06421586,0.22287263,0.0644722,0.2101912,P16_T11.mp4,139,00:13
140,274.398828125,172.40568498883928,54.426543898809484,64.80960518973214,0.9929924011230469,276.9780818887986,277.43482321716294,278.2570772052589,279.4472925793072,281.47902494535145,284.91416368071845,290.2848426045509,296.8849767840376,303.9804791227748,311.24432124893315,317.91831818961407,323.4799421321318,327.0552075740665,329.0439441088213,330.4744127851512,331.46297039788084,331.9286200833008,280.05771378657766,282.876155946721,287.0597739843294,291.6588016793785,295.920880938022,307.1834547393656,311.31651984976156,316.03181394652347,320.72480644016593,324.42330782450983,301.38772654394023,301.3945454294502,301.4020040200591,301.4080719474096,297.16517457064265,299.47391199222807,302.0437951137794,304.8064033029867,307.4142816625278,284.59773448068967,287.4877366954486,290.8948361828695,294.4709986026058,291.22380916548843,287.84096052752074,309.7903549990816,312.83070181869886,316.23935189565276,319.58817100368907,316.441095414539,313.05593364001834,293.26013883248754,296.6842530848741,300.11522330712427,302.47646290225595,304.89945258160174,308.96806044997396,313.0958920309744,309.2666497581705,305.552470963361,302.86284014640677,300.33313560416076,297.0010206796291,294.60618961349246,300.117195731179,302.55014024168236,305.07818062356256,311.76148110144175,305.28974222505263,302.7625640543926,300.34431421898563,203.2397358883854,209.52882968796933,216.02478001168598,222.63990554109748,228.47491997357076,233.2342934600776,236.2200289335401,237.69221287207577,237.94993058710992,237.08484532954338,235.18887066966354,231.82704422461768,226.63477580796877,220.64112841761755,214.1910560747933,207.3183287189525,200.32809031778265,191.216110030059,188.52800894268896,187.39870693712768,187.52522252705447,188.68413175338563,188.0850479283287,186.37878291460635,185.66795582008427,186.3761591965923,188.933964407745,194.2875196313232,197.9467394141634,201.32512402307185,204.81627751559841,211.61491265080736,212.06151488513237,212.1647948097845,211.6832591144102,210.9057810065744,198.33044890263034,196.41917694690886,196.0514392259639,197.47258814069085,198.90471865961445,199.30915366617472,196.4805330098665,194.60951611992954,194.6029660959828,196.21529875992107,197.43383035568112,197.47589328370148,222.99823310732776,219.9712505616231,218.16317972630245,218.49487609113567,217.78375116289908,219.03496334522995,221.37091141123673,222.63515874384237,223.20085274406676,223.50089297759612,223.56850238967203,223.6075614850544,222.71381002218945,220.67495398360438,220.57516462373064,220.21994287211066,221.28358239415766,220.7443898000929,221.00672915268888,221.110699773426,9.024228192441115,-1.7697664049222042,2.870897112855568,0.6711048,0.48700067,0.30754292,0.34670728,0.06639297,0.0,0.11156772,0.0070529943,1.0,0.03293049,0.46085647,0.5878975,0.54206073,0.0,0.36883715,0.6903479,0.007522972,0.34640115,0.250728,0.084698305,0.7671268,0.0019024296,0.0029877047,0.00097248866,0.048688542,0.0104062725,0.1679158,P16_T11.mp4,140,00:14
140,408.4106026785714,269.9064801897321,15.25695684523805,19.235386439732167,0.5260939002037048,407.9591312136561,408.6420782732106,409.56862804116474,410.9776892650357,412.9914579879742,415.52003318178885,418.31572422681074,421.1180343517202,423.71206703125665,425.64904287059494,426.77934810079586,427.5714735192097,428.0263945836707,428.31868522676774,428.41647865815486,428.2963308700826,427.9116867959882,413.4176794044507,414.7834166798458,416.4082253749158,418.0750640578227,419.5772402301963,422.5012390638752,423.50739699130145,424.72217631961354,426.0202589214713,427.00393316493967,421.6604742084913,422.07134145087826,422.5086409865097,423.0226247157993,420.8583947175382,421.9130558755515,422.9827258763195,423.884952830189,424.66600838438023,415.0932868891999,416.51381352613305,417.700522645049,418.83992343482925,417.79936720448313,416.61763237019267,423.23338964744056,424.09788055409444,425.0931681114956,426.2317681728421,425.2066018879588,424.23307845958294,420.3321702994606,421.45047285808835,422.6617314577718,423.51379181219465,424.18576806671416,425.213643345216,425.9844297636184,425.5130318542743,424.76543629236403,423.9615916217195,422.9868629732269,421.70254409516764,420.74613176564037,422.7907615530055,423.6363514163224,424.35634523624486,425.790485632373,424.52890909281723,423.77074033844485,422.8953639277232,279.5138733383817,282.2333974988366,284.9943820567993,287.5225761479058,289.42676752359006,290.5054175148851,290.99796180915354,290.9134629462455,290.5570397340618,289.61139458790586,288.0440801205263,286.23141943425287,284.3215183970568,282.28407315244215,280.1686201733562,278.0792342067601,276.14806983976536,275.84345664646827,275.00894902977245,274.63151495113647,274.5947055200722,274.71308124934274,274.5776411991733,274.15597925697386,273.76164251652995,273.7241224733763,274.30443183210195,276.17933195631986,277.38033861799005,278.426631338378,279.50241961980686,282.235618075627,282.1791832309158,281.97988715189194,281.7814605924043,281.47153466225717,277.39359397554074,276.6386363898354,276.4180886755003,277.09187069646185,277.4857657980274,277.62724708282286,276.43127386612633,275.6098874643312,275.5009168546015,275.962942664134,276.45524343789936,276.55708178611656,286.2260771172287,284.90042992057863,283.8342077298705,283.88187583647255,283.56083051250897,284.0898120779769,284.9254685060853,285.5144469195545,286.0678768428691,286.3015739764569,286.3836954188608,286.2485374122118,286.01515946933984,284.9553816291188,284.8741613501583,284.6698724129113,284.8529365433771,284.9437779459404,285.0955393731012,285.155496322263,9.024228192441115,-1.7697664049222042,2.870897112855568,0.36528143,0.23719774,0.79936117,0.3177681,0.18246615,0.0,0.20827278,0.004017253,1.0,0.10860584,0.27221173,0.7181628,0.34453046,0.0,0.6387148,0.57870376,0.22127315,0.129193,0.26424935,0.03608857,0.21338214,0.0019058294,0.17476766,0.089481115,0.22663982,0.07734467,0.2164788,P16_T11.mp4,140,00:14
141,274.42291666666665,172.27922712053572,54.01778273809526,64.21441824776784,0.9927433729171753,277.55451821107795,277.7905063175558,278.3394377949183,279.28356130907787,281.1620287494092,284.5007688357118,289.7046441096595,296.12580882505887,303.08568565265773,310.23342196979013,316.7729567881015,322.2339834403606,325.819221503853,327.916726683411,329.5288097212427,330.7187434148694,331.3774859897591,280.50752778518375,283.2603101414222,287.42237969741524,291.9821892420365,296.19778760310425,306.5021135825777,310.6444655050226,315.4405169178858,320.24780733594173,323.97567099332394,301.09054865770725,301.01487483279726,300.9388197911195,300.850111108532,296.5245248204723,298.85184400240917,301.4295927465153,304.20497941989964,306.8412495308479,284.6968956768378,287.52987364001007,290.86211237287984,294.3582995772883,291.1581501580011,287.86584732629615,309.4134981896585,312.40085516490126,315.72474387266254,319.00314377477275,315.87259167697493,312.580242915539,292.44606804340464,295.98977185109095,299.47882846475096,301.81509935127326,304.2346546191436,308.2213047532632,312.31912780143637,308.4333669145838,304.75977842040623,302.1032441121102,299.60456799301306,296.26097313413646,293.755710691604,299.4505816801433,301.8658700759973,304.3655313878259,311.0121927108835,304.5577886491092,302.06511784234954,299.6697859146451,202.2828419308973,208.46825392969052,214.88009950265587,221.40268625020263,227.13797310559644,231.86179083040682,234.94554053224493,236.5614862604596,236.9606661461568,236.21545166658274,234.3491016375508,231.00183010370205,225.86760726692103,219.99370448315983,213.72294585809342,207.03699624307905,200.20533914922007,190.2936641441724,187.66970090466418,186.69730878927462,186.94701725466618,188.20495221162764,187.7452323474078,186.0720673602269,185.41432375698793,186.22979005671922,188.9293743019466,193.6367124392493,197.39801294085004,200.90266729118122,204.50731066605042,210.94698047009763,211.50372689120152,211.69534113625,211.16171114879324,210.32979511587945,197.39326380665747,195.62177934066284,195.32813908750342,196.6839985275914,198.08162187214074,198.4304306217742,195.85936235705208,194.13306815345663,194.20450955364853,195.77590803569896,196.88758895001615,196.87351378392992,222.09787406669597,219.3641732172302,217.7366026740819,218.0657948355756,217.37293565644748,218.431395494888,220.4326181792052,221.83846294561602,222.5389234952361,222.83890894074273,222.88119644413834,222.8576712358846,221.8805437652218,220.08014423703244,219.99925738764608,219.62725871679572,220.42201300430128,220.26078586932837,220.5487055744831,220.63356075263383,8.60722404607297,-1.6994251386742536,4.540789600519996,0.6829972,0.44399393,0.4676823,0.3489122,0.08395437,0.0,0.12816603,0.0005609855,1.0,0.057812676,0.5114649,0.7175661,0.6056534,0.0,0.40451083,0.7186611,0.000287724,0.28255972,0.37852645,0.095198415,0.66716075,0.0018091646,0.0023104432,0.0011750009,0.07748631,0.007663829,0.24239443,P16_T11.mp4,141,00:14
141,408.314025297619,269.6125279017857,15.397395833333348,19.390680803571456,0.547245442867279,407.83033056288974,408.56658611228124,409.5612250801748,411.0569315358105,413.15777616656254,415.7374415880295,418.5465745067703,421.3467298304077,423.93300951899164,425.8486865698493,426.96384451634646,427.7475706774794,428.2067428369833,428.5185703728827,428.6138441127299,428.46381439347886,428.05800989687975,413.20957382519464,414.60629095666644,416.246006470292,417.9339871329362,419.4556513623947,422.4125907522866,423.4235542279455,424.65147093537263,425.9714034850882,426.9908605174308,421.6005767756541,422.02655832363024,422.4770316608742,423.00340610573863,420.9281392301074,421.98071059285127,423.0482358302136,423.95218520721954,424.7298588077112,414.93117920832174,416.3456060434665,417.54171074735797,418.73085583866975,417.6757671987571,416.47868817684304,423.25459569392996,424.10019278315826,425.1032271824684,426.276254765253,425.2500766722166,424.2710985662895,420.45881197229556,421.55687046413044,422.75208337230873,423.6106829262512,424.28449075821254,425.32911501452327,426.13316524156767,425.6574220475674,424.9188224138373,424.11591640368766,423.1402378032064,421.84256547308127,420.8799143020463,422.9117467043496,423.75647002794915,424.47497859993547,425.916510199657,424.6558716628967,423.8990769001442,423.0235998002706,279.95543835183605,282.67629597733725,285.4314995266976,287.9245886436477,289.7576102398815,290.75515933274426,291.1815042562676,291.0459194084829,290.64384575242576,289.6861223421512,288.1354158075074,286.3410091043476,284.4386715420894,282.3981264482305,280.27102030608,278.174305951586,276.24116953784267,275.950483662836,275.1210290468671,274.75471251550596,274.71469959742586,274.82719137441364,274.5615395781365,274.10562462272657,273.683379809743,273.6194517183636,274.1836921143346,276.2429364861142,277.45030167118045,278.5080858087114,279.5838022521112,282.364181347017,282.2846950264595,282.0711647368688,281.8603556030936,281.54351986451877,277.5898975192802,276.79872562675337,276.5595225773665,277.2155728565848,277.6257434074687,277.79032479176294,276.4494385101114,275.59610235388527,275.4652268254537,275.9217131958463,276.4220071236211,276.5477010831809,286.4021213819685,285.0261651992226,283.9109365193173,283.9414961254517,283.6161751517707,284.1423568134249,284.98665573657627,285.5889201936246,286.1650119027669,286.41577292972113,286.5211157782429,286.4117328038852,286.17508239837093,285.03568785764674,284.93595375230404,284.722914435781,284.9150374674664,285.03066994646434,285.1964787634276,285.27666270955865,8.60722404607297,-1.6994251386742536,4.540789600519996,0.40775827,0.27956444,0.5331471,0.32269034,0.19112964,0.0,0.18972611,0.063069664,1.0,0.10032393,0.2689274,0.7723411,0.4077752,0.0,0.6866426,0.5924651,0.037503835,0.13120931,0.11947022,0.03598467,0.24397798,0.0014227622,0.17407799,0.0673795,0.23520324,0.060376212,0.21756236,P16_T11.mp4,141,00:14
142,274.2498139880952,173.51685267857144,53.58537946428572,63.79030412946429,0.9929400682449341,277.5834801122945,277.9391674094386,278.68887272641575,279.79399386357,281.64941574197366,284.89482934870523,290.11664090177743,296.61569227041826,303.70129814280995,311.013381963955,317.87917590185936,323.62944588773854,327.29741909694593,329.336539629265,330.8518647449167,332.0438037598625,332.76505646564,280.8132837934221,283.60516090694864,287.83146642193134,292.5083712318413,296.78544065833904,308.16422891368325,312.5610424958306,317.55336247768355,322.3899322453105,325.99887404276325,302.10322502255303,301.9231833230757,301.749880640074,301.56363603409795,297.30097541872414,299.5664803657155,302.09963422636736,304.8950302745296,307.55742085940074,285.11125352440234,288.0567147397163,291.49310897077316,295.10796622852433,291.76129627572953,288.33669646416456,310.3906183642322,313.5565234394105,317.0054489560126,320.41444682659017,317.0537444803149,313.61551835006037,293.28266688686546,296.47718882821516,299.931461756672,302.2961242361999,304.76797905396074,308.93782420375885,313.09791443329635,309.20685103412586,305.38800050818463,302.63700805402425,300.07604035150695,296.780935053214,294.6401384121264,299.91386822415336,302.3540834280007,304.90641861923035,311.70425662525395,305.185382875382,302.61227399287714,300.1778214009517,202.62977988879462,209.01205281655172,215.58388966950355,222.25886039409718,228.14189858608614,232.98642559456172,236.04383113569114,237.5112804897459,237.79831149006063,237.01840607149092,235.32437610932558,232.16938486448558,227.14467471475146,221.2829896690766,214.92672377849695,208.14676675119236,201.23250162741883,190.8617415704332,188.043600771336,186.8542008644936,187.05514172779397,188.3201285787416,187.95599355715294,186.40774900760036,185.90521662514448,187.01030012053437,190.04191306847713,193.98952808559423,197.52731554185723,200.75471357204586,204.08590705640097,211.10488928723748,211.54229115145682,211.66402233599953,211.29876946807607,210.62061087916538,197.8398220320106,196.02066171991706,195.6978824500786,197.10717185625606,198.54680052448813,198.90182395778845,196.42264610587503,194.7308016473602,194.89885501522636,196.55135356407465,197.67541421198734,197.58990124869277,222.90744852547334,219.62068829226774,217.6970298797401,218.0701259225597,217.39413914938524,218.87353805262728,221.61505390745123,222.81875996606027,223.40919727483532,223.68112138039666,223.7146248319745,223.5932860343085,222.5863939328372,220.47016481660606,220.39835345552967,220.09714177599608,221.43133015902615,220.70829346175105,220.93226880350585,220.9984361812509,8.75685564682208,-1.3551603570155015,3.7740191070279634,0.60424656,0.5146989,0.1642711,0.35210586,0.06964246,0.0,0.11612598,0.0056216116,1.0,0.04280616,0.38492435,0.4250462,0.511344,0.0,0.431103,0.7013506,0.051523376,0.2752334,0.4887544,0.15503655,0.73718506,0.002662466,0.0055890717,0.0007871113,0.02818201,0.01277567,0.21281865,P16_T11.mp4,142,00:14
142,408.32068452380946,269.6159388950893,15.390104166666731,19.3826241629464,0.5467559695243835,407.8390866834551,408.5704393514816,409.56060858669315,411.0498310491649,413.1441229097339,415.7213031179259,418.53139206916563,421.3327213469929,423.91781555307597,425.8335561976725,426.95019447415734,427.7381214482076,428.200973524565,428.514552780581,428.6111483340634,428.4621292163784,428.0563283515846,413.2085266460965,414.60385313157593,416.240970032607,417.92507737920437,419.4443764302276,422.42333499907386,423.4308783606004,424.6538166637632,425.9697071839001,426.9881777822449,421.5982177110314,422.0244783780281,422.47573776797674,423.0028833656083,420.9247508392633,421.9774033649096,423.0433510188339,423.94546636991686,424.72255622011426,414.92639377541144,416.3423748457344,417.53935922851224,418.7268969998108,417.67112933826866,416.4734656423671,423.25125965257644,424.09791948475976,425.1024710958355,426.27363187543983,425.24671006729494,424.2671959970639,420.4447121408765,421.54809272062283,422.7480244905455,423.6073985689684,424.281910751135,425.3268080163448,426.1275157815936,425.65198550418285,424.91183365167456,424.1080038187633,423.13195840452295,421.8315312692466,420.866291092733,422.90541163683173,423.75095545459754,424.47009989534405,425.9112723917294,424.65077223188644,423.8930885553736,423.0166470813063,279.95749112723263,282.6761036346006,285.4290824542609,287.9202858821765,289.7520661973913,290.74818184855343,291.17355524942946,291.03854661833225,290.6403124699244,289.68970525263643,288.1495013799966,286.3645368298306,284.46657616648173,282.4270480345088,280.3002420296746,278.20433298796524,276.2712546088281,275.93927220575,275.11237206734614,274.74689744774,274.7059515026212,274.8177837721973,274.5699342994883,274.1192807459378,273.699133550466,273.63170236505465,274.18976641428736,276.24925248856374,277.4524449614801,278.5054232801552,279.57639646484154,282.3635724616897,282.2819578421147,282.06732262209437,281.8594361700049,281.5463379785887,277.58451313719905,276.7899961326723,276.5526358091345,277.2165701155179,277.6228943286876,277.7858324336417,276.459219856977,275.6032367987593,275.4742685090498,275.9362860007123,276.4334752759424,276.5573778306439,286.40366387940196,285.02683481301,283.9115163448797,283.94297824697986,283.61816675641654,284.14625230159476,284.99267922642144,285.59435517819514,286.1695711906244,286.41963466957526,286.52414352777197,286.4148656141763,286.1772197018559,285.0382999549139,284.9389219903311,284.7265742532783,284.9204779458462,285.036182993404,285.2013822406126,285.2809589208165,8.75685564682208,-1.3551603570155015,3.7740191070279634,0.41379762,0.28518137,0.5112166,0.3222199,0.19414829,0.0,0.1889977,0.044452835,1.0,0.07903907,0.26908234,0.81828576,0.35891467,0.0,0.6763275,0.5703007,0.079771355,0.09492299,0.074270554,0.03485963,0.24596497,0.001453914,0.17601137,0.06453553,0.23850584,0.059721906,0.2138065,P16_T11.mp4,142,00:14
143,274.51763392857146,173.47132742745535,53.19218749999999,63.1582972935268,0.9933450222015381,277.25979928204686,277.4895717583187,278.10365585046185,279.1500594531053,280.99635257375564,284.21469300470875,289.3001304667066,295.64990946133986,302.655981187554,309.9313167932578,316.76744493180877,322.5089492537152,326.2149477549281,328.3225111565787,329.84974698753945,330.9323318440404,331.5698636745046,280.3524477740522,283.2028240514303,287.4238845035677,292.0468971491977,296.26916375606623,306.66162556692296,310.9620957229569,315.8873585471267,320.7233885083634,324.414858943602,301.06036044903084,300.91459416519075,300.7800220814391,300.6338650396056,296.36034137409945,298.64325347253583,301.2066304267006,303.9712319364514,306.60786810887083,284.3159693452189,287.2810432578863,290.7446182104514,294.3366938162116,290.98412123837403,287.53294889934523,309.3083582031026,312.46876819685434,315.9419246257664,319.34359267033597,316.02094357166953,312.56408604264425,292.4620041088961,295.6669447028789,299.09613069330766,301.4085551844713,303.8015661709453,307.8749539823268,311.94514345082587,308.14257577475746,304.4023080233946,301.71758828933594,299.2077248518171,295.9611177104104,293.813645042948,299.0702661280911,301.4545968661913,303.9273541053538,310.5826945572454,304.22052198394283,301.7234157784861,299.32801958715066,202.05054587547696,208.2746905284389,214.75732949954622,221.36190303432946,227.21910334431766,232.06633654050975,235.17436237597815,236.77473093705703,237.15259165796212,236.34430084309705,234.57949318701353,231.36252492647077,226.34222433738495,220.54678637752187,214.24905499238005,207.52099741424766,200.65680246167335,190.34488874794258,187.70263966446183,186.6936663860247,187.00543479684308,188.3388230410412,188.14064775303373,186.62334575822902,186.03700548361755,186.93892462416227,189.73332990109782,193.95202095939084,197.36643945987237,200.4820365138025,203.69729266706779,210.6247452402391,211.1007562377071,211.2427843453675,210.871568769067,210.2167984125586,197.39564466712505,195.67034874270982,195.3933510171542,196.85015328448304,198.3017876079453,198.59850618922584,196.41843798070664,194.75056315287128,194.89891114992793,196.527922497795,197.71727237644754,197.63256824054784,222.2251258399436,219.01448650366393,217.13122722509425,217.48778824728373,216.81637114851296,218.25102218092084,220.9109141007397,222.23706541655127,222.86625806486714,223.15204445719928,223.1667441856448,223.00489809744025,221.9241970106879,219.8419538235232,219.77395289780398,219.47406759567517,220.76197883733457,220.2449811661769,220.4718647437576,220.526046840554,8.788673454596218,-1.3523251614631364,4.215277833206099,0.5989116,0.26750028,0.33633986,0.34878382,0.06423281,0.0,0.11089706,0.0095006935,1.0,0.024289519,0.29450363,0.44111526,0.52283543,0.0,0.4666049,0.7177273,0.0039535854,0.30545822,0.30342725,0.13850737,0.6582803,0.0016292415,0.0055803573,0.0012771133,0.020905146,0.020065572,0.2922622,P16_T11.mp4,143,00:14
143,408.30896577380946,269.6045131138393,15.288020833333405,19.325851004464255,0.596624493598938,406.93406771954204,407.79574761849915,408.8752206725737,410.43072418993535,412.58978019034475,415.217313807379,418.0482621448906,420.86192698711665,423.4650050838092,425.3290211000147,426.3214601751703,426.9683288696801,427.35354616613193,427.6296729320973,427.67785965146834,427.51899276514274,427.13077036461993,412.9722142406849,414.4237182111356,416.1012449883709,417.808181422558,419.3462984638369,422.4292297539491,423.31265985388046,424.40130925725344,425.5835951600583,426.49931976155773,421.56446198615276,422.027738726942,422.5110213882549,423.08777329159733,420.8288901944326,421.8929679648871,422.9960374444643,423.88561321721045,424.6348959690409,414.6740375746151,416.1596662020111,417.3648732803928,418.5961766604098,417.5190818407207,416.320135165438,423.0969295976534,423.89456909084225,424.8112834138297,425.91721423904943,424.9559430970085,424.0582131803275,420.3623664483708,421.4678632337201,422.7246242961999,423.61959930376713,424.2865485626,425.2430203848,425.8516286029623,425.5469727004193,424.8708021677791,424.0810528006421,423.0920376642095,421.75400885631194,420.7809536700187,422.86471826698397,423.7317681998314,424.43944670956114,425.69077536219794,424.6332441294067,423.8869360712104,422.9909644306923,279.64408936486245,282.3861528336892,285.1837844642691,287.7312363429201,289.63281201313447,290.65325633597956,291.11104122834485,290.999622917152,290.59209265385886,289.5903908361185,287.9056747551698,286.0523908585626,284.1890950167917,282.2317424586445,280.20300278244804,278.1838935386629,276.3430032773362,275.92286166768105,275.1929634958592,274.8807174247543,274.8526762374577,274.94410659793033,274.6970501360881,274.2178984561533,273.7621600479541,273.6689831608055,274.194526653195,276.36288202694254,277.57087096914336,278.6368956986981,279.7362039601627,282.39911459122055,282.35631051915965,282.16123862555446,281.92570288122795,281.572639092501,277.6077256539359,276.9751560850295,276.71668119532256,277.2396183750507,277.6786967019183,277.8368717508071,276.48596965210345,275.78225279291064,275.6360463243337,276.02271917487326,276.49721460224924,276.6150149582882,286.42608674635244,285.0091732654468,283.8337103588214,283.8545415080159,283.52742196874027,284.06805042006545,284.9750472262089,285.6061771373923,286.2073735027358,286.46323862404995,286.56676542689826,286.4565980904912,286.2034007938582,285.0109730103871,284.9099578331584,284.6994429668392,284.9198854584746,285.04715313640025,285.205656479777,285.2828450797884,8.788673454596218,-1.3523251614631364,4.215277833206099,0.3918315,0.2663546,0.61565906,0.30709332,0.19895451,0.0,0.2972342,0.12264345,1.0,0.15404849,0.34433788,0.49274713,0.43191037,0.0,0.6058637,0.58948267,0.2794202,0.14967826,0.120863184,0.16793503,0.31290334,0.002752578,0.12978157,0.07709342,0.29801062,0.050199766,0.12925869,P16_T11.mp4,143,00:14
144,273.8370907738095,173.87694266183036,53.85405505952383,64.17655203683037,0.9920184016227722,276.551160427192,276.75048004875595,277.3232865579998,278.37114300420853,280.28396253730693,283.5432008086551,288.642537344521,294.9853605229034,301.99597541049326,309.3033509112275,316.1490329977207,321.8458819950361,325.47940700768885,327.4907737861615,328.82024297198996,329.75818552985,330.33531951114395,279.4992590812089,282.144574694789,286.4197406786277,291.13702030261055,295.4021313116141,305.419280070475,309.83670753803483,314.9251628514188,319.88404876298944,323.4873836046808,299.9604592494103,299.8173577472482,299.6715571694399,299.52787729392503,295.3424050824118,297.5522457261767,300.0608483384972,302.82762579885633,305.4594861990215,283.49622174453714,286.3512677000311,289.76778106338253,293.3396496405247,290.0268693740973,286.6092933644668,308.0412392696726,311.15345251010245,314.6019118206648,317.92025548791395,314.6497515594149,311.21004129337933,291.9532841236843,295.0052914522503,298.24150380827456,300.44291902117436,302.75809705937763,306.7027777552881,310.7304137149378,307.0091182508708,303.3615607990165,300.74608305358163,298.32855129299793,295.2705490787279,293.2737724566184,298.20476791984464,300.4748213608705,302.8502512135847,309.3456042978322,303.1325616734395,300.7185827777371,298.4233012418954,201.45338107126446,207.80457459733546,214.39311005508387,221.0727530866867,227.00515151731238,231.97251105752747,235.26265672869704,237.11188617727822,237.60837379797917,236.81819186095632,234.9660016916408,231.56016298885956,226.31654754793487,220.29150380477873,213.82723140284529,206.9921665986135,200.04354782612236,190.6436129448226,187.65255515100267,186.44366303843148,186.7953760054856,188.25110730740775,188.2522778249074,186.5804621071543,185.94667048861297,187.0580883301846,190.23799879447614,194.16642077280335,197.70544141572026,200.9482889993749,204.308222759979,210.91654914400075,211.4742846666536,211.684436165354,211.29976739285408,210.61747503744522,197.55531910369268,195.87994593079364,195.60749306439172,197.0100943474919,198.52440201730786,198.8356495058597,196.6058480960274,194.97727496692283,195.1610645754254,196.7764682350928,197.99981968148313,197.91424796686223,222.23934131974147,219.22290395237047,217.4587045671751,217.84630192855647,217.23094022280364,218.68098189162458,221.22172553740583,222.54397882711882,223.16472950363473,223.39028134041865,223.35062604363665,223.06171937340156,221.90930587775424,219.96564091340787,219.9714889106414,219.70315580681174,221.01864763661504,220.55589846149195,220.76174429189953,220.76010097713532,8.080697172499121,-2.3177037290470164,4.64146904603999,0.70316494,0.53498924,0.22823903,0.35378292,0.068776466,0.0,0.1080432,0.00044266297,1.0,0.035219226,0.42881012,0.4307776,0.5725573,0.0,0.40921164,0.5797535,0.012889689,0.33075732,0.13351691,0.13278574,0.48359182,0.00073692435,0.004707973,0.00038449146,0.04008553,0.017873865,0.45261943,P16_T11.mp4,144,00:14
144,408.3411458333333,269.5835239955357,15.258965773809564,19.296198381696456,0.5749606490135193,406.87371777608274,407.7382424671038,408.81996063175484,410.3802747121951,412.56264837684483,415.2120045028502,418.04969678333094,420.85888161817303,423.4652419465381,425.3332076764236,426.32982411147196,426.9784288822625,427.3659824645812,427.6379784143174,427.66551283893574,427.4871670570218,427.0913283042277,412.8390436237475,414.30927286480636,416.0112715723971,417.74068877018675,419.30584345768176,422.4025635949807,423.3080210720531,424.41206178809114,425.6092806532437,426.5304182605462,421.5203564896937,421.9862679378411,422.47436150490904,423.05567600641297,420.781974312759,421.8553600360553,422.9664879335678,423.85922022793443,424.61549080975516,414.5459509118473,416.0275810609041,417.2439166837203,418.4881248732114,417.4046155907886,416.19425197074554,423.0589276908441,423.85374094644396,424.78126598818926,425.89328409642246,424.9314673096111,424.0249871253385,420.3397466102984,421.4429592233404,422.7007979881464,423.59887016666585,424.27153270966306,425.22899367471524,425.83528514275145,425.53106632526766,424.8528168473905,424.06089643159015,423.0736348000538,421.73299953736034,420.7666999529971,422.83808090283003,423.70681615254307,424.4184437018473,425.66422942754593,424.6231480021253,423.87195507184185,422.9732990807102,279.72217685618836,282.4538843747209,285.2437330046053,287.7850375616015,289.6664268410529,290.6607370092572,291.1004804027297,290.98665212523724,290.57456323131754,289.57445634214093,287.89268128988516,286.0412058509941,284.1755353465793,282.2139994988278,280.1768399053062,278.15214809247584,276.30331637239965,276.0383496369282,275.29991639364215,274.9953532233291,274.9705370467953,275.0527214385515,274.74258927559015,274.2496706283985,273.77505443759117,273.6623102849377,274.19256119536243,276.4013451348135,277.59129394574654,278.6400187618207,279.7220650622839,282.3711803483346,282.3212802419648,282.12538971790815,281.8828880365475,281.5328889250993,277.7018567370913,277.0594606685135,276.7924022828912,277.30520713344686,277.7578668634001,277.9267225849795,276.48522644762573,275.765306136902,275.6153891308421,276.0044153563221,276.48681847563563,276.6103348680959,286.40791056021584,284.9809414196701,283.8021989125309,283.8210396358625,283.4933855035908,284.036224959727,284.9526175368622,285.5758864964889,286.1697039730614,286.42266873577694,286.5329251290131,286.43451474913525,286.1803561379338,284.97986902629026,284.8753058411519,284.6643010572457,284.89077480511787,285.0075014430965,285.1666614587638,285.2462311153101,8.080697172499121,-2.3177037290470164,4.64146904603999,0.3784195,0.32342735,0.6315927,0.3354917,0.20602284,0.0,0.34627324,0.0048842933,1.0,0.085969575,0.40812278,0.4132287,0.4101411,0.0,0.66742116,0.6047142,0.3402621,0.16690768,0.13680032,0.2542268,0.3402676,0.0026266773,0.12115557,0.060418677,0.2848412,0.04413507,0.14655532,P16_T11.mp4,144,00:14
145,273.96450892857143,174.02129255022322,53.82734375000001,66.29536481584822,0.9926585555076599,275.86198628883733,276.08021049657464,276.65698934114073,277.80257841183914,279.8692340310477,283.3673342363792,288.7529941168905,295.4345656847519,302.7708679630468,310.3542851363526,317.3205457333936,323.1574816817704,326.9190536695201,328.97132499594704,330.18137428621753,330.90560102269546,331.3105471968336,279.94636911945275,282.66146543281826,287.0250557556246,291.80732928773904,296.11561346290824,305.85727676381924,310.28918951370395,315.3911964513955,320.35704219995864,324.0857391912177,300.7505398666585,300.6904919050173,300.60388267223203,300.5171311850266,296.0660164593321,298.36546432435205,300.97447440391034,303.7850186913648,306.4290209873665,284.13843380428784,287.12200688475286,290.5148862373329,294.0728660699085,290.7906938488828,287.37741047064304,308.84095416419234,311.9347412275552,315.3090872001001,318.64669359774103,315.38710426590995,311.98770254816725,292.82908825662673,295.732465407747,298.97005746441295,301.1541773001316,303.4499621138334,307.33308101995084,311.27461907459906,307.75721731536373,304.1713390200949,301.52752165483935,299.0548790333187,295.95281276270464,294.2445932349749,298.94951829705406,301.1819524756608,303.5193822708538,309.8652476326652,303.89265786925847,301.48590749513914,299.173573750563,201.29158799734807,207.92917449850722,214.82472990693273,221.8256294552739,228.00950496707642,233.1902971444465,236.71978104576436,238.78941689507445,239.3721289344133,238.41144690080571,236.31529482758455,232.45689025605665,226.79436771037956,220.32630580168183,213.47936821224062,206.24895538247182,198.94091431564152,190.94774513970432,188.08586123202716,186.94197921437024,187.2454529397272,188.60370288488255,188.3159530147633,186.5109886268144,185.72807957112843,186.64038087645193,189.64389328480428,194.53804754743905,198.08370814723196,201.3603846058269,204.79275141452626,211.63813605988116,212.1873993432349,212.36338228636995,211.94295883132227,211.21158143932615,198.15544705130034,196.6811933683481,196.35157090966538,197.4420885525199,199.02683124358225,199.38944250229164,196.78116503299705,195.35491510411555,195.48906576410621,196.79350323303578,198.11173226799633,198.08144867285898,223.29617978148895,220.13604525658036,218.25519524821644,218.65714459590407,218.0383046756678,219.6327017000426,222.3380535856296,224.40832483801626,225.36256748820622,225.63610377084814,225.5450230074569,224.85634565056793,222.99644497647424,220.71482633210977,220.75564860887127,220.49484883864443,222.1869936169002,222.46734862808003,222.68925129803105,222.61428796043987,7.486245219112248,-1.6305810191763737,4.300743551360666,0.5370333,0.42449814,0.4212337,0.27252352,0.08197867,0.0,0.17779824,0.005913969,1.0,0.027387422,0.25445256,0.64690274,0.53909993,0.0,0.3395711,0.50301117,0.6002558,0.4817759,0.24592258,0.32543477,0.6520368,0.0028700083,0.031965658,0.00035823174,0.035130378,0.109120764,0.1685181,P16_T11.mp4,145,00:14
145,408.39549851190475,269.576220703125,15.19613095238094,19.26120954241071,0.5176634192466736,406.9073030896934,407.7418085594848,408.79255330986337,410.3188897414993,412.44756616355085,415.04795922820205,417.84987496808935,420.6446254511786,423.2377609552045,425.09850278715635,426.1095217612612,426.7843261111528,427.1964062153418,427.4897670656732,427.55091628471524,427.41012401712595,427.0435469444274,413.0774488582966,414.5545801172517,416.2404585480106,417.9444987900306,419.4682090400146,422.38385136107433,423.266798086051,424.35032378295534,425.53230597713497,426.457442439505,421.5965438001385,422.0501248071893,422.52456372385797,423.09192504117465,420.8363432556915,421.88467226336763,422.9662623352381,423.8346154118276,424.56852314220225,414.74267878513535,416.2274602403987,417.43517729268007,418.6449360505132,417.56745556545843,416.3690088483038,423.0824218799762,423.864001092947,424.77253939844286,425.8549794921254,424.915462920073,424.0277563484828,420.3172719943803,421.4312414222447,422.6885270074223,423.5672029583028,424.2267689106856,425.149453122123,425.72022968104756,425.41709013570517,424.75518765659103,423.9797500923043,423.0110310691179,421.6900696198363,420.74486878522885,422.81076069506037,423.66287518640115,424.3561816318124,425.55561476001634,424.54055508254896,423.80800986687785,422.93051044537737,279.49111030382767,282.20816438475606,284.98672863402106,287.52436887284057,289.42765312546595,290.45026656240725,290.9143522960655,290.82696674738264,290.4449625365137,289.47557809916975,287.8181347578766,285.99010292249386,284.14923534444864,282.21293800806023,280.20701603255264,278.2041214848116,276.37529060137217,275.8166671500892,275.10362146233956,274.82889220841975,274.84363877807294,274.97816127375535,274.76932661996597,274.28384224158265,273.82100329842666,273.70673804865055,274.20296686805824,276.3967243766584,277.58482411031343,278.6378089505889,279.725454566827,282.34595195611837,282.30243965642427,282.1166733822647,281.89039261629273,281.55625000635064,277.54575479334835,276.9335448373461,276.6959802729115,277.2343106588926,277.6672755372462,277.80607362886644,276.53185924623943,275.834182145725,275.6925963407553,276.07264426155444,276.5566710660688,276.671918593887,286.36598614971473,284.95673953385193,283.7872527980761,283.81324803563086,283.4975400154243,284.0523466345674,284.970089147075,285.58601192120267,286.1635528352278,286.40868562466153,286.50979551255256,286.40306611255244,286.1535661121882,284.95978418248177,284.8622617448314,284.66484590107297,284.91135498190084,285.0157492328387,285.16174495647994,285.2347131984157,7.486245219112248,-1.6305810191763737,4.300743551360666,0.3621958,0.33045384,0.5538973,0.32496557,0.16761994,0.0,0.29773664,0.0041696937,1.0,0.11480744,0.39997643,0.52701354,0.37175485,0.0,0.6143413,0.6152153,0.4179751,0.13753118,0.06826059,0.19607763,0.34196767,0.0025720014,0.13912629,0.082257956,0.23197322,0.06603263,0.13607016,P16_T11.mp4,145,00:14
146,274.2875930059524,174.21952776227678,53.72085193452381,65.9555629185268,0.9928755760192871,277.26036071402973,277.2129603581675,277.4926980558441,278.29821515804645,280.01425876468716,283.12955342271596,288.16996698996155,294.6176631684823,301.83259621854245,309.3802481358545,316.3782252837549,322.2411083235137,326.0909734586983,328.30162198785376,329.7676257983622,330.8264330607275,331.5455088780013,280.66167207485097,283.3595768261311,287.67386425818734,292.39013539041287,296.67272823503805,306.15891565852354,310.7127983207267,315.92086273981784,320.94166562016136,324.6536379532905,301.1310648190191,301.0261356144444,300.9076199825717,300.77674211711064,296.1494125498373,298.4308685375098,301.0092988231157,303.80875150405194,306.45821804738466,284.74888336753867,287.6589144706501,291.0486478838338,294.53620121480816,291.2539303087891,287.87027068905894,309.0649439548424,312.1873408233911,315.58619318239664,318.8757974569,315.57958395161734,312.1654044043162,292.4124798740576,295.38377019650164,298.72865188831884,300.9515305607972,303.32865999944767,307.23078098712523,311.13323691797575,307.5390089039196,303.8746126538808,301.1833772816258,298.6819626970105,295.54007307929686,293.8923460861685,298.66049802888347,300.9349980488299,303.3250652572251,309.66857759766873,303.68710108713077,301.232845086017,298.88232240082505,200.83161974012313,207.35772800244018,214.14088863872922,221.0556489194295,227.20295532315436,232.41233120988056,236.03902512416752,238.19292673180655,238.94194929924961,238.3424198896696,236.61180625500467,233.03391025876294,227.5863944935639,221.27503669772545,214.5034009370923,207.3312155991712,200.08260189018952,190.53170438918798,187.70906986667458,186.6693154457154,187.0514089465462,188.45294091376718,188.36835125130884,186.68330993758326,186.0866806169551,187.20630837027156,190.39362288675335,194.19769043992102,197.66106889357303,200.85612956061848,204.21349378251568,211.0468958947504,211.60604814070427,211.83557384686944,211.46289531558028,210.79737266590604,197.7540297766009,196.2776026288998,195.99315331863167,197.16338579612355,198.7265585081146,199.04755200555775,196.7887471396461,195.39287382504455,195.63499056400772,197.0774304146712,198.31037038690562,198.18141962406654,222.6917047941081,219.43031594379545,217.5571344551819,218.01631324026815,217.4339414126613,219.1654183515608,222.11734329759568,224.14349474855788,225.04886501513622,225.25390684710817,225.12453386717075,224.35490993583525,222.39795019639365,220.1830276036507,220.24702533723556,220.04372898377062,221.9050129134795,221.95722630838713,222.12700475700757,222.02495087445996,7.643017908394141,-1.4397551118185519,4.854876702022585,0.6491503,0.47812867,0.21233477,0.26456168,0.0868921,0.0,0.22841911,0.0014114019,1.0,0.026226984,0.29678142,0.69667304,0.46296316,0.0,0.3380984,0.43433094,0.64002997,0.50835323,0.26902586,0.28780773,0.6405946,0.0025908437,0.03247654,0.0003740871,0.034478612,0.11533182,0.17415354,P16_T11.mp4,146,00:14
146,408.43396577380946,269.6560546875,15.168936011904805,19.198053850446456,0.5267611145973206,407.7951263038794,408.53478894774895,409.5317260024704,411.02116867279096,413.1087322440747,415.6732951140735,418.451535511337,421.21384872068484,423.76758978122047,425.65804221532557,426.7538077525598,427.5260312588701,427.9843673646758,428.29755720405774,428.38153916913416,428.21872181198825,427.8144782756766,413.16206683376623,414.5492426494263,416.1584914425551,417.80919980846926,419.3033002097502,422.2239831375115,423.207691247636,424.39292174514867,425.6735341141155,426.68726618870045,421.4171273692458,421.8344117283555,422.27801116887014,422.7983670496046,420.8043569981319,421.8279592879714,422.8654894566822,423.73806564402116,424.4896355738646,414.8889665879278,416.27454748775347,417.4418775781906,418.5956656454167,417.5629813294651,416.396839015349,423.04463908152957,423.86421710137193,424.84021359089695,425.98397902301696,424.9782043632067,424.02928917379995,420.3272581459101,421.4077871905923,422.58293738062247,423.42627092688446,424.0834064600267,425.1105473620965,425.8950688160723,425.4381443103336,424.7159735608743,423.9343700545078,422.98339513737693,421.69849441528817,420.7483461355506,422.7530036062059,423.57579205499445,424.2758193582664,425.67531921147656,424.45502665549003,423.7179338652444,422.86431403872757,279.8844837530078,282.5635729770818,285.27930475737,287.73771887252406,289.54477567737825,290.5176523659769,290.922564627223,290.7795604776325,290.37720914452353,289.43104437820466,287.8949832037254,286.1266712505161,284.26008968758316,282.2633964974616,280.1841247034198,278.1303118306255,276.24035167144643,275.8648076946685,275.0618166621894,274.7113718408832,274.6758607617654,274.78817840114425,274.59934599626524,274.15609259000826,273.7351213182722,273.6336117568383,274.12667143919526,276.2168048641029,277.3903676906336,278.419087717292,279.46638923432664,282.2169070695736,282.1298588564917,281.91730044795713,281.71376776631024,281.40758924010163,277.51416419261966,276.7437958144131,276.5143064439852,277.14777295927234,277.5530793150897,277.7093645890461,276.4176901090483,275.601300547723,275.4765572575597,275.90963217597937,276.39555009574036,276.5179068480472,286.24033938470615,284.8664913805737,283.7562926445998,283.77809966859223,283.4597948386951,283.9737065179563,284.8078152303173,285.41366491627775,285.97672444534305,286.2240922524173,286.3358105110284,286.24508911683824,286.0183034823364,284.8590365393638,284.7511864494188,284.54206366672827,284.7441366879946,284.8714470854783,285.036035808467,285.12225463785194,7.643017908394141,-1.4397551118185519,4.854876702022585,0.4129348,0.2587578,0.5468266,0.33592018,0.18618117,0.0,0.19967014,0.012290757,1.0,0.07385916,0.33493933,0.7718888,0.41990376,0.0,0.61220664,0.6146318,0.045691255,0.13644908,0.07957957,0.04242434,0.26809105,0.0011602266,0.21908803,0.055162333,0.23317958,0.05520194,0.16811682,P16_T11.mp4,146,00:14
147,275.0760788690476,173.6110630580357,52.63054315476188,64.13985770089286,0.9931771755218506,278.558482812449,278.5739248090964,278.98066154149836,279.8367186288158,281.563396267015,284.58635061635704,289.4221270162712,295.5126482213124,302.21496793761617,309.27124932127936,315.9534545294724,321.54969650641186,325.241356748898,327.4341615615961,329.09972265810273,330.3994790942774,331.2232541049731,281.3577874120699,284.20030070017094,288.2647801047341,292.6257334582998,296.5867340522926,307.07671038061545,311.2361493480442,315.94367826837447,320.5389338720224,324.0718617663203,301.2323596506496,300.95827109161763,300.69109840006814,300.4116812970356,296.60662376603744,298.6574525860895,300.9501784944441,303.54448439525606,306.04141763449877,285.10815568518507,287.9137591146922,291.27484318533595,294.67133466243394,291.4693614202884,288.13485584268597,309.2965639194673,312.2807137148455,315.66435979960454,318.9497799217318,315.7462721139658,312.39718930987874,293.2657826574278,295.9210949965694,298.931525088381,301.0708930689492,303.3036562271017,307.1672107572834,311.0796282423943,307.5256981316222,303.9734883858955,301.4503505462814,299.09997176452555,296.20210859836413,294.6048826952806,298.90850201643354,301.0974830310908,303.3868301424963,309.67734263715437,303.7870512790163,301.45819082324823,299.23125855568964,202.15795262352995,208.3185523252402,214.69626668331912,221.1595680554963,226.88675963205085,231.69134466678204,234.941050010567,236.78144148444656,237.43329468160601,236.82888227093832,235.25158737036068,232.05939268313315,227.04633610602136,221.2319564289663,214.9087432355254,208.22219811977786,201.40784135025794,190.47905265671685,188.011980367022,187.17782123291232,187.52412154126964,188.74479394321762,188.52534417802735,187.10181321138683,186.6585485414311,187.58615790480647,190.25043449274463,194.42209952109593,197.82394018657504,200.96463631962376,204.20312029567265,211.0627410164469,211.47498635772416,211.62555270649693,211.34788578817054,210.8327901430195,197.5932851103891,195.6959747855277,195.4867187566864,197.185707692935,198.43897986558315,198.69521562308407,196.70375774765853,194.75298306482645,194.88567826150768,196.6958624190102,197.78676883249426,197.72031915916097,222.41391144211272,219.18594692486138,217.23243800851716,217.66683706393897,217.06108047471582,218.79001981949466,221.6677684775454,223.37641669006885,224.16394016852803,224.36302081158087,224.27511703922147,223.74712553769018,222.0876247137835,220.0732469883132,220.08393618979525,219.8630596685273,221.47884945736067,221.1057504492363,221.2493068839041,221.21170199783185,7.847189384147913,-1.0481869215050486,4.7965673937268125,0.6561931,0.43625075,0.3235539,0.35453963,0.0629612,0.0,0.10758401,0.0008732765,1.0,0.020245306,0.32345313,0.40391794,0.5067502,0.0,0.40416875,0.4443881,0.23098855,0.5270907,0.36363265,0.10142812,0.5576749,0.0011510466,0.0033868959,0.0007965763,0.028171824,0.10679875,0.30202007,P16_T11.mp4,147,00:14
147,408.57020089285714,269.5526576450893,15.375892857142844,19.260246930803532,0.5709372162818909,407.93807306374003,408.5914505910491,409.5327455294485,411.01292874114506,413.09561367112445,415.63914306719556,418.38069147292794,421.12081819524155,423.62317387617895,425.47250021826073,426.548091890919,427.3011060755552,427.73947637178964,428.0446933419412,428.11252499877577,427.869550761399,427.40470712189216,412.85764838811826,414.1790280465861,415.78768418764565,417.42749406869757,418.86179492773607,422.2366275284865,423.1265958381903,424.26055643182747,425.48640571479984,426.3910909275676,421.294324186732,421.74940339593684,422.22690167099034,422.77251676612235,420.78436965068573,421.80534774054274,422.83713861446313,423.6981731869161,424.4464374060216,414.4224169416266,415.83246032733354,417.0128405377114,418.3066675031408,417.1903498354177,415.9987807561186,422.9844481603237,423.8485162084433,424.7967294551069,425.9487903379285,424.9290892834679,423.99171912807225,420.314905540068,421.35699673077295,422.5313678490264,423.39089119404684,424.0611129835471,425.10728462607966,425.89998334002047,425.4654634363783,424.74346041011256,423.94640296910126,422.98330337454763,421.6889060826305,420.74274546028266,422.7010881951345,423.54191199487843,424.2542470228569,425.70065561015787,424.4768148682945,423.7307589423287,422.85373869701675,280.4513485930857,283.0435458494433,285.6868369200608,288.06312978320585,289.77370836474415,290.6778714670316,291.0350845795817,290.88754635208585,290.51572103408796,289.6460833483116,288.2190520855914,286.52979737773336,284.6857210700591,282.7145143044284,280.63784397697424,278.6117047140933,276.7724479407604,275.62153459891545,274.7809863192139,274.4484625576618,274.4656701619088,274.6719740592445,274.40081963193285,273.94527410505634,273.5426315259178,273.5055675366163,274.06626735406866,276.4788007459887,277.5900908617384,278.55301687866535,279.5297767569203,282.3875822221365,282.2866633634121,282.0769857231574,281.8930898708687,281.63131139059936,277.8401197898004,277.1479858913294,276.911872103008,277.4221407319027,277.81138855978065,277.97854519189434,276.81383380632684,276.15644160760013,276.06324006526296,276.4307135441914,276.8323349771729,276.9238090088443,286.3894447129429,284.9854359049643,283.8546685886184,283.8751149309636,283.56887715905503,284.09063359611685,284.960893957189,285.5828294816613,286.17740999872564,286.423066423715,286.53331714627484,286.42906725023806,286.1660571953792,284.9997050879593,284.9046575613381,284.69979325622387,284.8813292793496,285.0422260961003,285.1921641031653,285.2689666925798,7.847189384147913,-1.0481869215050486,4.7965673937268125,0.38984013,0.21391015,0.4667826,0.33269772,0.18837994,0.0,0.3240313,0.049961954,1.0,0.09522988,0.4427289,0.7374854,0.4468715,0.0,0.45709953,0.6045502,0.065968506,0.08303773,0.25362852,0.45364195,0.09604482,0.003721572,0.1582526,0.06046712,0.47889584,0.050558258,0.15205975,P16_T11.mp4,147,00:14
148,276.0015811011905,173.82661481584822,51.49856770833327,62.95514439174107,0.9938655495643616,278.804112133751,278.8572779073693,279.3226281480475,280.1820082773335,281.8440769893778,284.7686887319646,289.4974931826376,295.49385126896806,302.12054370391996,309.15900408742084,315.970563197726,321.79629278742607,325.7167586380251,328.0832592160766,329.84450211132196,331.20589173888504,332.09180634877487,281.7167112573346,284.4955696642048,288.56255321827433,292.99653010668317,297.01798030741764,307.7183903876092,311.9832382460273,316.7924780498081,321.43063006087056,324.8661512891618,301.6557338115804,301.3560723831369,301.0603712577253,300.75012125329613,296.9288205800925,298.9354941936457,301.20341497166874,303.79858646372503,306.2949642678687,285.4784160116903,288.34201904966875,291.76257037752856,295.14725383296053,291.92833348765987,288.5383276010925,309.69117515452473,312.7152526432701,316.15744717354346,319.45042901300735,316.2283768987941,312.83245870082146,293.4352884547467,296.08667193418023,299.15137236073343,301.28199287736237,303.51905526234685,307.42585029997855,311.31985709359606,307.7412156020134,304.13485424065914,301.5898090628163,299.2413020844411,296.3071430621462,294.7915988079267,299.1142166580985,301.2907375146425,303.5848246609636,309.8974711444074,303.94770009067236,301.61255547642116,299.3942296700786,201.91317483485687,208.05854973572409,214.43433592253663,220.85982064779458,226.60165215211697,231.46252223965362,234.7576609695692,236.58416443541242,237.17739036187845,236.50751602357792,234.8643977780596,231.7564492213534,226.8286614949804,221.1017886338324,214.8404842483639,208.1759224006798,201.39202011950678,190.92504502450555,188.20720995667781,187.0623311540489,187.26488072878377,188.49278855654578,188.49643815928292,187.00292886002234,186.57711860902324,187.67302384056114,190.57407301840652,194.53924368822135,197.88044035965078,200.95737742462254,204.13735441486793,211.06722729681857,211.4666843090525,211.61079070806187,211.37661274390592,210.90639261382583,197.54627318688304,195.56708304070335,195.35258276187915,197.17745617690082,198.39959578614793,198.65058758944085,196.8051111425576,194.71964123252388,194.83264157883954,196.74595650818623,197.8489920863426,197.81026036772,222.4807756056235,219.2025767961239,217.193494129561,217.6206169767327,217.01597168871027,218.80403387316287,221.77202320435865,223.62054586500093,224.4641962290044,224.67921434165314,224.59156083532193,223.99006307637202,222.16517615264192,220.1559538960915,220.1650047307635,219.95686255072386,221.57780850274713,221.26459558826116,221.40828772021092,221.3739125600685,7.86706379478901,-0.9454333107379741,4.348698606900863,0.6351551,0.42710522,0.40445888,0.35725635,0.065510884,1.0,0.10642142,0.0015705335,1.0,0.018195633,0.2582897,0.41348955,0.45187113,0.0,0.47146758,0.40847495,0.83356345,0.69942814,0.23503764,0.10768685,0.49540362,0.00045043795,0.0036979245,0.0016327533,0.033322446,0.16284157,0.30265135,P16_T11.mp4,148,00:14
149,276.2806733630952,172.46162109375,51.254371279761926,63.421247209821416,0.9940264225006104,278.9218691279829,278.88075490683303,279.2134598395259,280.02780584061026,281.7796068898124,284.9119346656271,289.92095187824617,296.18845618928236,303.02443769790034,310.2172285903212,317.1352638959569,323.04114587139003,326.93112230492324,329.2105925268311,330.8224233208557,332.0283694068086,332.8195578971113,282.08070329456655,284.8317157781317,288.9098509559774,293.36113732616485,297.4335976664027,307.80111317795735,312.05963651912253,316.96351273567916,321.76529177394696,325.45885350437766,301.96679721013396,301.73860160193124,301.51431169730995,301.27150032030437,297.2753009972079,299.3810059677926,301.74395890266254,304.42309691422355,307.02148756620176,285.59529443701945,288.4725958726244,291.87261290566113,295.4251338280164,292.1244468662015,288.73733090283434,310.1276287562447,313.1165716213989,316.5347018651215,319.94918950724616,316.6372163775909,313.2622167141842,293.54255975245366,296.439262691215,299.6543485154772,301.8852174503105,304.2027898292822,308.2515619185304,312.3557124390466,308.5223482943589,304.78023517550565,302.1576028511244,299.7473437260121,296.70587345711704,294.9195266638683,299.65342312229416,301.9229204181582,304.3030498299282,310.94133061109375,304.5645505202385,302.14836025989666,299.85047743539076,201.9898982896644,208.061759058584,214.41090890493942,220.85633593226083,226.51638085787917,231.15774480236163,234.12865157292856,235.6790888799953,236.13825627594986,235.5963342337287,234.3348101218996,231.53624875919363,226.74892672129042,221.10166945931437,214.883435530914,208.22205621010093,201.42686004515355,190.43361543717745,187.85302045900858,186.80296229822977,187.00106448301895,188.17114477876706,188.1101005823734,186.57350334688257,186.07158414674342,187.09362875065003,189.91740254135303,193.9316175459518,197.27682090973664,200.33635902690668,203.48028937337804,210.51189627914823,210.91670589808075,211.0150017063333,210.72403813012144,210.15970252065787,197.27862406557128,195.5157137619315,195.23575510661217,196.73272147179065,198.11737050749693,198.43031217180624,196.2479492629845,194.44050214428987,194.56905921687638,196.22675367647565,197.33300452379876,197.30138011901622,221.98439929488148,218.66778559058773,216.67840345036072,217.05217157149121,216.39746043072415,218.03933928575134,220.86923246568935,222.290209988192,222.91871072792148,223.14468357798842,223.12264651875677,222.88094198457796,221.6265987423997,219.43275460737058,219.39232309050524,219.12013501617892,220.67756720701166,220.13615322379295,220.31020879454613,220.3432689196347,7.102554646472097,-1.3043745685047312,6.106668226257581,0.6111999,0.4413599,0.23869008,0.3615785,0.06998632,0.0,0.11224111,0.008546432,1.0,0.029374039,0.3445239,0.40783104,0.44362482,0.0,0.38177618,0.6727414,0.1709986,0.3538977,0.32841507,0.11180186,0.8399025,0.00086371694,0.0019465071,0.0004388965,0.014739018,0.02675385,0.11535548,P16_T11.mp4,149,00:14
150,274.8293340773809,173.95111607142857,52.066834077380975,63.781138392857144,0.9945736527442932,278.63057860937107,278.6216302806645,278.9491418485144,279.7707366518477,281.44097425285594,284.5139256761263,289.517998513598,295.8171041380068,302.7985637353733,310.21724145615207,317.3197965984339,323.1939284605054,327.0441595889415,329.29650615908474,330.9362742788638,332.2156138459434,333.1093381548487,281.956446343369,284.6623885541596,288.906560558863,293.56782093912364,297.76480607766524,307.07120251098115,311.5831720133818,316.7603287485295,321.77638819506393,325.4313801577315,301.9237670919299,301.7188109034007,301.50946380669916,301.26794560928965,297.1285053182141,299.2727716795621,301.7019908738615,304.4277663036436,307.0204322075524,285.84038824161246,288.6384619703197,291.9705499674792,295.3583739860369,292.1817811629602,288.8745810614207,310.0727315359696,313.1100356278542,316.46044682779217,319.7614380711264,316.46872226407754,313.11405929643394,293.6069194102833,296.33767652497363,299.51263159632686,301.7223783737288,304.05012539090853,308.08643522421966,312.1615720907306,308.44110199300036,304.6780138545989,302.02863794602456,299.5729843440319,296.5505819680382,295.013346686314,299.49977592959465,301.7530440202063,304.1325512910209,310.7369698763532,304.467957369616,302.0326433666742,299.71671644619533,201.3825238978969,207.64910942993524,214.13633524639533,220.74476381435989,226.6149267516418,231.6016435266286,234.9617671873447,236.88842470165343,237.5834244901474,237.1270483211561,235.6798369214258,232.53996577661752,227.51233714242065,221.65139853378756,215.21699135090623,208.353183001655,201.3485941529287,190.33854815865203,187.4221639753559,186.35223195124618,186.7585346596382,188.1994505234954,188.1547408138402,186.55077855433936,186.03147097702535,187.21810649738248,190.46530284287942,193.72338179767,197.0222745290465,200.0233998185822,203.17213261442924,210.25831252046726,210.76078296080763,210.96400103399796,210.72401338172278,210.19859160734075,197.22044704957335,195.37432449362373,195.10221592244827,196.62713613236855,198.02852241771828,198.31767683656753,196.49914971286165,194.82383462531226,195.06528439298404,196.85128914332816,197.88863378582522,197.74255454365698,222.28933248297975,218.88472949272554,216.89593777653894,217.3387466095255,216.78793740243782,218.61460994592733,221.75939434590614,223.64968829757402,224.37066857650078,224.53277406325032,224.4069637094039,223.76958632207874,221.9581416762301,219.62241118964604,219.65290804277038,219.49504063777889,221.5408981932673,221.35048104301893,221.44918865873342,221.3750610048191,8.13752596888382,-1.3528926761554354,5.9165277953396895,0.71083474,0.49313414,0.34318146,0.3230593,0.06542505,0.0,0.11140554,0.021027485,1.0,0.024704041,0.25562906,0.32716388,0.41774413,0.0,0.39945036,0.51530844,0.81989884,0.38503754,0.10666435,0.12667216,0.86323875,0.0029518045,0.013635131,0.00019568262,0.01268145,0.044871107,0.062426165,P16_T11.mp4,150,00:15
151,274.5009114583333,174.1678501674107,52.579594494047626,62.73237304687501,0.9957122802734375,277.92840799766475,278.1197323547012,278.62604081194587,279.5435407146471,281.28043406518293,284.3489263197716,289.26757760444013,295.36057186979974,302.15198753423755,309.3177846724144,316.09619037031314,321.61452057134125,325.1471650879248,327.17030798936145,328.71920070512806,329.9851092616643,330.8617687727674,280.55417775407665,283.3258457936358,287.5235510949785,292.072245057316,296.2145856484928,306.46289681930097,310.74261718302847,315.68177840287564,320.50715008955103,324.10564087582287,300.8861552561738,300.7291741596616,300.5709860684956,300.3722223169007,296.249969885819,298.4068468975154,300.8238312571298,303.4323800266208,305.8983194612223,284.34302371208673,287.15316526711047,290.5266951334348,294.1562649103027,290.8745204813033,287.50950239512196,308.9288631757163,312.03052086147363,315.41864459438483,318.82350472156776,315.4966505499917,312.09653763598294,292.3640505975485,295.3029412403022,298.5533441910206,300.7472656185634,302.99645752992365,306.8672175935167,310.88289778102074,307.1129868320795,303.4874575707724,300.94745173932284,298.54961103283455,295.4941893188661,293.6553666158981,298.55760681154555,300.7948095418082,303.10776576925304,309.46773020157593,303.31811936170675,300.9689577816136,298.6996059186547,201.07382074044077,207.27769025262378,213.65094060007763,220.077585878318,225.74156757919982,230.49602720821557,233.54491813884283,235.14642505279443,235.63851542710378,234.98471917795302,233.43665655144656,230.30437530244402,225.4220325707102,219.78676298429076,213.64445692991072,207.0964301669952,200.40874200780576,190.0278094950434,187.48797641189935,186.64426022700084,187.08470110145447,188.3975568143621,188.18869513909206,186.6550289525376,186.01908074422178,186.94737965950037,189.8047577803942,193.30749440528385,196.6277818977669,199.6567753644805,202.80629779176428,209.5457049988285,210.02519596425984,210.15193937685856,209.8615651797287,209.2791745548246,196.93743884406103,195.394415083712,195.08298802815776,196.26228910956465,197.82291973616628,198.1636601600254,195.88068137229354,194.43839679585645,194.66720977866783,196.20144132331296,197.35036113779927,197.20905751088102,220.6171214625547,217.58841740533992,215.77539028700141,216.16894233568038,215.5681955207051,217.0928002734173,219.78823919708307,221.19506998817488,221.86844288295765,222.071886543192,222.02831807445784,221.645130924108,220.27887579344497,218.29997889305747,218.30024362422694,218.05916775521058,219.58470579746927,219.07418295461616,219.25574366716603,219.26776425704642,7.250022509031644,0.3432764881721656,7.252637907176535,0.5060823,0.33701923,0.31493896,0.3062709,0.06855361,0.0,0.4565482,0.0019287155,1.0,0.03436091,0.39390075,0.6893551,0.4914326,0.0,0.29765713,0.6423942,0.0020498694,0.36186445,0.34159675,0.17199476,0.93089783,0.00050676655,0.0042758104,0.00022926053,0.003154546,0.030582942,0.030352766,P16_T11.mp4,151,00:15
152,275.43688616071427,172.85753696986606,52.080859375000045,64.13059779575894,0.9954190254211426,277.3410297689049,277.5724817882776,278.07585443867265,279.02874862007866,280.88206310359146,284.01875205162924,288.86233915177127,294.94271536989106,301.6666399865162,308.8442740448846,315.55360519163577,321.1405395662998,324.81269051468405,327.0572455360126,328.7173003240684,329.9589264101374,330.8287641845003,280.81708512280665,283.7297357543426,287.9435950200938,292.49889515241955,296.6432594109965,306.4096300765041,310.7297833788383,315.6368909475689,320.36057903497004,323.8647043995252,301.01099572754964,300.80276069631674,300.60379594721974,300.3601907301632,296.0526837256263,298.25457985340535,300.72759618458036,303.3776102281633,305.9047230820346,284.4060191199248,287.29676693246086,290.6802914766715,294.2779430251005,291.0152922264134,287.64269615681366,308.7868129739712,311.77799495894953,315.1239888507923,318.53191611690437,315.27096020651476,311.90926508965913,292.24340507588056,294.897304289661,298.31804757174916,300.6397486792241,302.9718094760627,306.98955250593133,310.67960642867297,307.34260760029804,303.6561039983744,300.923549582751,298.3654975636118,295.13341438499066,293.6162233140365,298.3894645226221,300.69440481321215,303.05448975092605,309.25062064734357,303.40215055939876,300.93052178900854,298.5064324565481,200.9048134721884,207.21409364351254,213.73392756334798,220.31564440069695,226.1063185683489,230.91484281017995,234.09731094341635,235.86237541427087,236.4400364636423,235.61517859359614,233.7201054109273,230.23919015404536,225.05907025357592,219.22990216821782,213.00132757781373,206.3578149755294,199.62180367239864,189.56472182130696,187.0510694537927,186.16465434165687,186.52161524762113,187.8184616659477,187.76639946790613,186.25972633704973,185.70372499685473,186.65979107341013,189.459278669106,193.51653621924154,196.80026647441326,199.8318184510183,202.9727950765556,209.40060046076917,209.87126566595398,210.07450547836154,209.7251107922801,209.12883120001436,196.85119110196018,195.36192784534754,195.07395049853284,196.2475333559015,197.75213317279184,198.0686369345511,196.03980289222673,194.5766510067464,194.74684393758653,196.16393109850011,197.30090299254994,197.25850555673512,220.77979151042652,216.90823546307635,214.7135592383561,215.0478123107164,214.5177640909196,216.42861647722395,219.9263521817022,222.58421683779162,223.7961560035324,224.07048021092237,223.9256601477886,222.97888040779134,220.4063289518231,217.29428010178796,217.29797261891778,217.1067690362601,219.77066556815782,220.69672134245005,220.86517810219252,220.80496943157632,6.6589257566313025,-0.6701370939571601,6.5213715004151815,0.7387758,0.45204553,0.29788163,0.26104262,0.088991925,0.0,0.30118114,0.004755403,1.0,0.044620655,0.32801253,0.49313343,0.33988062,1.0,0.36533287,0.23200762,0.9308874,0.5851804,0.066293426,0.4231942,0.53866404,0.00020650084,0.0064135212,0.00049586536,0.008127403,0.3831887,0.06290399,P16_T11.mp4,152,00:15
153,276.20284598214283,173.1849609375,51.43338913690479,63.31192801339287,0.9948648810386658,277.67311211269214,277.8332371137331,278.2944184003143,279.19341431608507,280.9563040846862,284.0503053791919,289.03091066644856,295.26290461073745,302.1154599172336,309.3983262577064,316.31236168514806,322.1421706243478,325.9827886993717,328.30445630496234,330.01744965603046,331.30238033463246,332.16038497468423,281.162902016247,284.1642087771326,288.5271395711912,293.1868472920235,297.34367601672756,307.45386261737906,311.7831200656305,316.75665875039493,321.6025638617901,325.23145556736637,301.8159636730637,301.6182255990973,301.4324516159891,301.22775788586887,296.98865226229856,299.1105575892998,301.50784531345323,304.1584937186938,306.68148138003323,284.87622841376077,287.8829489031176,291.34875854810315,294.95305412972147,291.6076506966329,288.13605599257414,309.8881792480233,312.9865980181657,316.3947517945638,319.7959136874322,316.46962019507873,313.0608233827602,293.2202489325121,296.10364464200904,299.30587975014254,301.46430906458426,303.68707593423784,307.49119492814214,311.2848985515036,307.75773784559885,304.2000691608476,301.6342743265772,299.2513847200937,296.23411300753475,294.62169590853455,299.28620375666054,301.47454556245907,303.73211561920255,309.8611762677855,303.9960954498214,301.67191683424556,299.41868500575424,201.10645278563288,207.36803317489634,213.8837576622486,220.4687851195084,226.30321757754476,231.20009007827014,234.45087666261009,236.26492627847543,236.90137787339347,236.16474399911937,234.38277825294796,231.02330048436068,225.88557480404353,220.0705149352168,213.77916922831076,207.05091231239925,200.18300339119642,190.21944030146696,187.72392884046172,186.89134223295642,187.369582085118,188.75652452555403,188.66810482227842,187.0015300606665,186.30554896256876,187.22835192476833,190.0968785607098,194.20475730807354,197.51189331126116,200.54756400230508,203.68812426734817,210.42802375615776,210.90288766973686,211.0733238876152,210.81119618158422,210.27612236942363,197.31381334143558,195.70005582953073,195.43719451913978,196.8326934128978,198.2515000945619,198.5370850264241,196.59559203091243,194.93788618373884,195.09685417296515,196.68143732629517,197.86284375012355,197.79416570244857,221.60891497703338,218.36026127944368,216.3944280158156,216.81638637545916,216.2431153239383,218.03435527831482,221.01768420395908,222.98442315198216,223.84945590293933,224.039690381693,223.8989153277518,223.18639530049538,221.27996134791522,219.13617921435207,219.1901308337639,219.00024051508035,220.79766176545294,220.70154148060863,220.8246466320028,220.7530432237319,7.303773339587768,-0.48686714820760724,5.698469541570174,0.5183863,0.4136698,0.3541188,0.26772797,0.072044596,0.0,0.28974777,0.001872379,1.0,0.019855095,0.17294608,0.2612593,0.40573224,0.0,0.4161158,0.4930292,0.34710497,0.4893127,0.24412529,0.19767986,0.59817475,0.000759154,0.012607615,0.000473157,0.024750184,0.23117495,0.13206023,P16_T11.mp4,153,00:15
154,276.66043526785717,173.2426967075893,51.47617187499998,64.05770089285713,0.995470404624939,278.80125905152545,278.82704292735616,279.2487667953196,280.1438051917271,281.89189584644447,284.9218655067789,289.7265527422021,295.82794557092575,302.54684332601994,309.6882232309878,316.42068987959993,322.0262167384156,325.7537519204643,328.0397909002272,329.7671296012162,331.0555353293781,331.86834481071946,282.1343089514505,285.1373939671993,289.41614740772303,293.95115202539466,298.0004713523401,308.1236058716476,312.2840764976985,317.03814211568664,321.6445512314274,325.11937464887006,302.2933343345113,302.0200871045169,301.7691026648666,301.4959195795655,297.36689359853045,299.4594882194285,301.8010375586099,304.41835180699826,306.9517143971287,285.66711917165003,288.5896499070046,291.95508829529,295.5156410953482,292.22539861468334,288.87442485474054,310.14117181930425,313.1206836602598,316.4702645640048,319.85469436327526,316.560804798619,313.24426757545876,293.6379197426459,296.3876240562728,299.5925357677734,301.79600220018466,304.05661239081195,307.8841308226835,311.58346066672885,308.1309733478512,304.5977370236175,302.0100805323597,299.60327084037607,296.6002224787378,295.0072485831885,299.5856012682497,301.81797633940886,304.1146312659154,310.16808968167754,304.3949848115763,302.03275568144664,299.7424648248697,201.7631618586555,208.00997528888817,214.49026165749612,221.07399050760216,226.90401462949282,231.7805095582003,235.0574145244195,236.86860408486265,237.524575209285,236.8750964441789,235.2446253936232,231.9709414073612,226.9216269295716,221.14619910521967,214.84651212064017,208.15353111252722,201.346384004723,190.05544723509547,187.5768848309932,186.7321748191371,187.1638456963282,188.503903938782,188.52585746006906,187.03343724393685,186.49335954416145,187.39718118178925,190.08439710971766,194.15730793851162,197.52135576148117,200.60301802654084,203.7864916651829,210.60291455381682,211.02103257366323,211.16548642300867,210.89384739211096,210.3738080363508,197.2614597912239,195.55851898251368,195.33133222408327,196.82734225215924,198.0825210291839,198.35952301461916,196.52646927728318,194.80386124742617,194.97019072807396,196.58958994638706,197.60720656083762,197.5409428017613,222.1161264310724,218.5264885943596,216.3908047757271,216.8033971884208,216.18242615772942,218.04761638641622,221.19544390263036,223.1020990937815,224.01860305363047,224.25565434953995,224.16624581058645,223.54089003193062,221.7216457307126,219.28257583975528,219.280862260091,219.04798953277458,220.96892149995213,220.7756306301749,220.9350347748266,220.92920677126253,8.095663296769835,-0.9294966264205837,2.064724755950536,0.5583616,0.3430513,0.286509,0.32641488,0.063382536,0.0,0.12202858,0.008172222,1.0,0.018666528,0.16770533,0.308723,0.4657429,0.0,0.37753463,0.2573764,0.48857766,0.40382513,0.1387726,0.10912863,0.79716206,0.0010471299,0.008389804,0.0007211714,0.01635861,0.10225548,0.07406569,P16_T11.mp4,154,00:15
155,278.270665922619,174.1020263671875,49.711997767857156,62.87581263950892,0.9947522878646851,280.1764828872905,279.92656514965654,280.1989060689545,281.0213108851429,282.7126747033983,285.6907821879847,290.39480232503007,296.47040297251107,303.27541586805904,310.48852977044663,317.25393557395387,322.8553282031892,326.654780282328,329.0350599296593,330.85981492030567,332.1850087666271,332.98173778058623,283.27792236825763,286.2300583578361,290.43585527605694,294.8809474780227,298.83138276342214,309.0862759125301,313.26189417841306,318.03566633062263,322.6960408643688,326.1935355254434,303.2110290465821,302.8900978211692,302.5788941011593,302.2273704783799,298.0878357259508,300.23712197348266,302.63115639440394,305.2918022654214,307.8517327025508,286.5753308328994,289.5047738070994,292.86179978231655,296.405080727491,293.10040249286135,289.7689882343663,311.25063462162365,314.3337231613995,317.7073776392646,321.1139608247398,317.77395910828506,314.42822792262854,294.14920791416927,296.86864155709054,300.1753210584351,302.46861531071113,304.8693685911202,308.9329563960258,312.8663629254344,309.2208599748,305.5358623628392,302.8305545148652,300.32383753482355,297.1940092984905,295.59560656775653,300.1493360717414,302.4728651917124,304.9200928321929,311.3770562140339,305.36653271261576,302.9031937507732,300.5399720914185,202.3648689637835,208.5812598489649,215.01696483134225,221.52209353119807,227.33492336178406,232.33657908023508,235.90064171864444,237.97752933199683,238.78212849595835,238.28358822251946,236.6276861758678,233.29917487841658,228.23213395374546,222.40381566795472,216.04536407800109,209.37803833243828,202.65220814037178,190.52949229118997,188.01366617467414,187.1819082473614,187.64756253686164,189.11983824365686,189.42041051532064,187.93228882364915,187.45059516844398,188.38224103958737,191.08342268034585,194.95201740017734,198.37625220780086,201.52721966704044,204.7807779044829,211.65085220579374,212.0956595922447,212.26559187109692,212.04071695077067,211.55417528316403,197.7094593703817,196.0193311656767,195.86852335133037,197.47406768103795,198.5430364266521,198.7618176022622,197.36205296036067,195.66123259472383,195.8325410255193,197.4850611562842,198.3760475839008,198.28138541967172,222.9460869920356,219.36586581136413,217.29127628181246,217.80125750474056,217.2209351297051,219.19991807702743,222.503339336271,224.4370531807794,225.33077842059686,225.5214249342554,225.3687800020371,224.61066868983275,222.6205955768499,220.509088297944,220.56120667987426,220.4082064665987,222.32333326541567,221.80744718137146,221.89454050991253,221.82592179634858,8.563885839127591,-0.2288283156417245,3.0591775906350254,0.5857988,0.40275636,0.34095433,0.3205032,0.064245954,0.0,0.11792326,0.005763134,1.0,0.015800659,0.2828949,0.29196584,0.39233243,0.0,0.36716408,0.3758873,0.4946505,0.50314546,0.09665384,0.14164227,0.82143205,0.00045246477,0.0035977236,0.00091179175,0.0119251115,0.08986091,0.07182,P16_T11.mp4,155,00:15
156,278.34408482142857,173.33753487723214,50.05565476190475,62.67536969866072,0.9930737018585205,281.1017232395953,281.11329582471626,281.5035920728966,282.33864722144955,284.0299772867794,287.14712694474844,292.0879662891934,298.16040183175863,304.8092767377384,311.80866671027417,318.435299748705,323.9418284820845,327.5576841600641,329.69914811300663,331.3721498753084,332.7293498435252,333.5790505995119,283.66053657186615,286.3505775951094,290.3640837052287,294.69480820323435,298.6423373536335,308.90159656817974,313.132155332332,318.02642863844886,322.8757968176409,326.5771905536073,303.53476370833846,303.3449132416051,303.1445369449807,302.91907886886685,299.0623036210364,301.1104741132188,303.35178999759023,305.7856057377349,308.12910914015094,287.5159165196312,290.2543088928525,293.5531882591019,296.96408164216973,293.77072506544664,290.51204154831095,311.5231737474899,314.51622575385693,317.8821557324069,321.22866134088935,317.9602477071529,314.61245102583877,295.0222386185874,297.86083931313397,301.0484667541667,303.19807612146695,305.4513075321803,309.281866828902,313.20626201628875,309.42849773601847,305.8707851643796,303.37981255408494,301.06089108872516,298.0730145809141,296.2901707628595,301.02849995419433,303.20865574605943,305.4993596491322,311.8109260877295,305.7324072610236,303.4357052487539,301.2444565411879,202.54890735524782,208.65603375582523,214.88932442111363,221.19689212024628,226.75470513554853,231.41761191419027,234.47684485185326,236.27343994043216,237.00754036617914,236.56079778619542,235.15070417790807,232.12612399367714,227.24891705655327,221.50462470913357,215.30655612453288,208.8344483656368,202.18526638157033,190.3530075130258,187.786352482315,186.91768012833032,187.33076963974813,188.7736376698132,189.1789785027954,187.73945470999553,187.33657946749042,188.40398737970938,191.14734679701905,194.49239994856595,197.95193270740847,201.14782435943116,204.45647418830728,211.17969113006208,211.60417166948386,211.75208916654012,211.58298552294826,211.17249608876085,197.38773836288135,195.6598346249932,195.53334535062845,197.15070097730896,198.3246156737991,198.53369550480758,197.24199955122845,195.58581087453433,195.80537618940795,197.4794493628443,198.465822281866,198.33105310639007,222.33885948849144,219.2366938962852,217.47331703576992,217.96265605341358,217.43751666204307,219.15080617273992,221.9644842304552,223.41283035427116,223.98874297790198,224.11474809995485,224.00019228349905,223.56077474867809,222.04457109204176,220.09423522998895,220.1532166370919,220.00696677577648,221.7807842912392,221.15363669749516,221.2314417671675,221.1915350645734,8.808092998911295,-0.8140862564467477,3.300599299942324,0.5547525,0.46727225,0.20117602,0.32988662,0.059026606,0.0,0.109920174,0.00012145905,1.0,0.021804627,0.4245075,0.3610796,0.5210102,0.0,0.41584465,0.38785437,0.061158895,0.5907191,0.1687476,0.075611316,0.7079121,0.0010604406,0.002321578,0.0005089938,0.025537124,0.059836313,0.20282355,P16_T11.mp4,156,00:15
157,278.20535714285717,172.6655064174107,50.863169642857144,63.111914062500006,0.9942697286605835,281.0137268315974,280.9695426655348,281.3728879460852,282.23855543093026,283.8381572144615,286.68295980221325,291.3721511343747,297.3542665036555,304.0023990414125,311.11704288298466,317.97286989157755,323.82975465859954,327.73466801491764,330.1459462005199,331.90871295896096,333.17304910032277,333.96795330490653,283.91248213213834,286.72283298762716,290.8374947374986,295.2648944343274,299.22251912157253,309.3319673639509,313.4607402400087,318.2603649026315,323.0053326503906,326.65547833565824,303.58287291255283,303.28399781540935,302.9813128044779,302.654436646639,298.6057870700836,300.70698612297156,303.0329430046558,305.6865434438755,308.2644015330375,287.34622110295544,290.21909697725636,293.5072150844635,296.91366396783354,293.6618077533503,290.3915136326264,311.7251800578713,314.77568413430555,318.11513225298575,321.39949912991113,318.10528245217364,314.79305445214464,294.4551500738456,297.5071167238193,300.7575239071107,302.930043733569,305.2403817743688,309.2041817721139,313.24579609909756,309.3143758544346,305.60344759907775,303.037863390946,300.68973994331867,297.68574705967416,295.7696380424403,300.6723831678272,302.8999120101865,305.2539918336944,311.8953712541211,305.5110301050238,303.1394941954754,300.9055756221126,203.10809502040036,209.0247105685156,215.16449046252762,221.38270311965138,226.8776189921191,231.52814240780194,234.60958623435815,236.24992565649097,236.84836651050486,236.50768167224248,235.441695781881,232.73560068929567,228.0431817642925,222.40194082614033,216.1729574885685,209.56184972911606,202.82289995137836,190.23915195184063,187.6903805682389,186.75037913748528,187.08770773060388,188.45199091127841,188.68178423631934,187.12002428606385,186.60216942842817,187.57509907734115,190.36361064028694,194.1808892083075,197.62973466785857,200.82408781742677,204.0856629233621,211.094170872774,211.55236266105436,211.68188167338258,211.50497347272932,211.04411835609005,197.37059056147933,195.51996556600554,195.32948567601153,196.96457066728036,198.10951521525158,198.35969880164367,196.66890736357308,194.82036788962782,195.02067049573873,196.85480768302457,197.75784301897977,197.63987111502792,222.27398369790055,219.28761617964133,217.54741548639723,218.02308141718152,217.47952318382448,219.18624719383192,221.94068846730516,223.08928267795127,223.52072832974605,223.63368053685872,223.52015955114734,223.22648020136168,221.9980312811071,220.13186869883444,220.1816639109142,220.02212151398416,221.719505818272,220.95862901906017,221.01781359213405,220.95873735784085,9.4094035199255,-0.13636279780241933,4.927548028964495,0.60477895,0.35419086,0.3205186,0.35547134,0.06816921,0.0,0.10909843,0.0013642625,0.0,0.02339123,0.36060485,0.46949837,0.5372894,0.0,0.5032473,0.6468815,0.018315503,0.32535535,0.28364784,0.074617274,0.8926048,0.002065034,0.00090437237,0.00026362343,0.014980355,0.0097124325,0.07946934,P16_T11.mp4,157,00:15
158,275.72693452380946,174.15589076450894,52.00104166666671,62.67594517299105,0.9932130575180054,279.97953786360455,280.0973695144028,280.540386396095,281.3976419714865,283.1037991767403,286.12894060115934,291.02517305800586,297.1326446823288,303.8637864198634,310.97010481494544,317.6697987779228,323.25316174664533,326.91838081882753,329.07335357952826,330.6308903505684,331.8501270704056,332.6418175101183,282.2281209884418,284.8110905640273,288.8873161352608,293.3178054818879,297.3741783846072,308.12710943871394,312.40073872038806,317.3152122313576,322.1009538400911,325.5715329299886,302.2244271568462,301.9970259006537,301.7752484838313,301.5260400003638,297.6146967025752,299.7511773649084,302.148150052913,304.82767976250796,307.40048428765755,286.27961870159146,288.9829124386886,292.2800961654928,295.76487046253726,292.5689405005281,289.2892110731164,310.1074136833671,313.1155961724832,316.4932844089808,319.88645221291193,316.5784556518622,313.21425207764094,293.83095336645584,296.76443226109984,300.0616249537699,302.34627327409015,304.7242360849729,308.87406469064234,312.9975515823704,309.16657158188764,305.36551515876334,302.6794582988112,300.2115678532002,297.05358591850785,295.12271049242463,300.08781648945785,302.42427182427144,304.88112528899,311.6427868339637,305.13020600886887,302.6392329415621,300.284969155654,201.76006650288056,207.8017241887467,214.04154992511937,220.38326824423066,225.99143528089698,230.64625283318796,233.60215087545288,235.14485810433538,235.58272857901522,234.98075586122172,233.49121173404615,230.5151360106291,225.70696628840884,220.06130848358535,213.9032290293298,207.35399574453712,200.65750932007666,190.88099692324218,188.12319520455677,187.07171431817738,187.3883864594228,188.66224099270525,188.35394297018726,186.76780732847178,186.22931069960813,187.35092034739682,190.4491784080281,193.96197103593252,197.2732603112249,200.28910637419784,203.4268545910764,210.0439303414802,210.49766591582622,210.63571783563953,210.29793332172449,209.66518526931435,197.54469965912998,195.76129255349548,195.43019433405686,196.80775255498475,198.26702119456624,198.62494528470344,196.232697608015,194.49029588996075,194.6605150950678,196.29957848451104,197.41888166330332,197.36161891942493,221.4066411410913,218.2287258450919,216.39349379323232,216.77027534077152,216.14079086353996,217.6153844093686,220.33617503372122,221.68497299838796,222.252857494124,222.45180109202872,222.44504531209174,222.25547104402662,221.0699818433436,218.96260886457424,218.93605645278487,218.65829841090425,220.14417998186977,219.57582029524235,219.74904978981698,219.79227871213425,8.094064600824998,-0.35508874246792693,7.603555233702104,0.7063747,0.44334945,0.1862976,0.3503509,0.08123135,0.0,0.10382973,0.00058012956,1.0,0.031401068,0.5477321,0.3897804,0.5920165,0.0,0.58447886,0.76785076,0.015141761,0.4322075,0.2810068,0.13436478,0.94326985,0.00032438803,0.0011055071,0.00035234628,0.0042227376,0.008428867,0.04229637,P16_T11.mp4,158,00:15
159,274.3087611607143,173.03665597098214,52.811662946428555,62.74273158482143,0.9950143694877625,278.8859904091208,278.74702510708937,279.00697794539695,279.87057263885913,281.6751604360534,284.7962841185123,289.7621549919005,295.9365414519583,302.8040995791574,310.08337142947397,316.98060902592493,322.7804803900111,326.67314237328645,328.89833741264084,330.3745650879903,331.4898462581721,332.1806439267901,280.755766679945,283.1878350471446,287.1617986263526,291.5146887203384,295.50829949337486,305.86179172640203,310.3211931265378,315.4968599488267,320.5504116977335,324.23737501122326,300.12609461351434,299.88193178239845,299.6457862449725,299.3673956506475,295.89927775301936,298.06750131552303,300.4953523573685,303.25071646582,305.92084101292437,284.6572436473404,287.2044116754614,290.53737097095865,294.0617355802928,290.89016555114,287.5994692633813,308.360548584257,311.33010210957576,314.8549424161566,318.47751158066393,315.09700051134155,311.6020169385526,292.47755155621394,295.2592832040303,298.49616511883465,300.84214911330326,303.23920548999314,307.5888644328697,312.0277121217825,308.0619184184001,304.18588340020807,301.4735474540287,298.9750576149112,295.78177380153295,293.7778430536622,298.65776979525305,301.03805560014376,303.53319985155014,310.58123347518796,303.8384269509218,301.3164865838577,298.9281879729869,200.95688063204537,206.91301629779994,213.1388521077085,219.51170529308993,225.22451508562014,230.03629146506412,233.18661443181836,234.90437962800732,235.32320412742004,234.63371687008532,233.00615015465434,230.03027793383293,225.29645756261058,219.616969015895,213.32668071677577,206.6191161781503,199.8252843926165,190.7884727734976,187.9420844456713,186.94285320897671,187.31450065833883,188.62796358426735,187.8249148285705,186.044900608719,185.3290188857602,186.3814855808354,189.5994136529868,193.59575070977178,196.90074259733416,199.89269652648912,203.00104145508175,209.71146242104206,210.11392473025413,210.21981224473166,209.75887507586108,209.03599476935375,197.4481018391037,195.54799874687833,195.15872806084093,196.58356472656797,198.16073221625876,198.561585681481,195.64258172018322,193.65175732899957,193.7191717067271,195.38132520215717,196.64510244821548,196.69331615924702,221.0639592614151,217.7676286539096,215.7606126055005,216.06197578667064,215.3279704473856,216.7176167361355,219.3571575404484,220.72772208681397,221.35831712747193,221.6265071572533,221.72562271753094,221.6743551199301,220.6821449053334,218.43887337060644,218.31494526243534,217.93708009104276,219.21647232360772,218.64311353468304,218.91269924223522,219.06646164564881,11.19071334598718,0.11252310376564226,6.466422671985906,0.6577513,0.4727024,0.07683398,0.34787765,0.12100192,0.0,0.10793232,0.000504366,1.0,0.091076516,0.5706908,0.4934688,0.6828564,0.0,0.6326487,0.74240994,0.00069426314,0.19006845,0.08920876,0.14379443,0.92875266,0.00043290303,0.0009423852,0.00047537935,0.0051511545,0.0043430408,0.059902392,P16_T11.mp4,159,00:15
160,274.65807291666664,172.55408412388394,52.71458333333334,63.22030203683033,0.9953948855400085,278.82726510667834,278.59045372943353,278.870259031184,279.8470911249381,281.58225863258576,284.4478412323966,289.15940650717715,295.21718173762764,302.2196905791751,309.800815437002,317.20428965199596,323.63495623608924,328.1280474403511,330.62178549904786,331.9588793680745,332.74639892045775,333.1341536554479,280.2996159720589,282.81261153769594,286.8092784661893,291.18086706722573,295.1823045668543,304.4212119379002,308.9689273121272,314.22273695491606,319.46275489916235,323.57251375570445,299.12300433047534,298.850636371734,298.54032089359305,298.1947212765251,294.992322788964,297.1375830613723,299.599247507688,302.5005076489744,305.3139689329654,284.28050723226045,286.74410251637204,290.00597487773007,293.46173817218823,290.3859633037868,287.1945032158239,307.9778332455196,310.86719409017826,314.3236243602217,317.9090544912557,314.6709083732592,311.25094697165684,291.9477646388866,294.6358593831261,297.7398258399089,300.0959114424803,302.5571078754192,307.1368425996068,311.99531885600965,307.7161888976286,303.6216642156405,300.86121279460497,298.3822386361513,295.2281857043172,293.32727363326705,297.97432541194723,300.34437680499354,302.9088097538587,310.48009050423406,303.13976870295966,300.57452181778706,298.2089832493786,200.44885492441412,206.2620920350347,212.35705963286622,218.64111367864993,224.4596730283474,229.57039719015884,233.1665803241876,235.28038195831385,235.66592097780043,234.8509039438313,233.07277416475657,230.0153445163509,225.20942141419758,219.2683917814425,212.6141278499621,205.54130169425542,198.44939325400796,191.0948750469715,188.3205211416182,187.31008930490665,187.59980315073292,188.87359990625202,187.66313417825336,185.55915630317094,184.58205741918272,185.295013623003,188.25064697055973,193.2626632676221,196.63889368017365,199.75349104950521,203.02890414571095,209.69685351182707,210.15159972678688,210.29804043409823,209.68470325150452,208.81468221062678,197.4801352897813,195.6053370085944,195.07302718540512,196.24242304389148,197.8574784228389,198.3786621888925,194.83781315816367,192.86203703430365,192.76607168272375,194.23539176582625,195.51530434832196,195.69358579179305,221.17550785590262,218.03430155212075,216.00956715936897,216.27616747499852,215.44696986180665,216.66975994206027,219.03634306206325,220.58548994851674,221.27916716652192,221.63003249931208,221.79024681769246,221.83197009718486,220.82003926110713,218.69802591401262,218.5131628911223,218.07674380868474,218.99775343735445,218.62449581237328,218.9622477268771,219.161422463173,11.220695160540812,-1.9422656049950089,9.809475830296558,0.418028,0.62731165,0.16136834,0.35222757,0.12678267,0.0,0.13266575,0.042097177,1.0,0.15042299,0.72019374,0.7919546,0.68563634,0.0,0.5582739,0.7465087,0.00070658536,0.33640972,0.12825033,0.08527753,0.68313485,0.00064352,0.0012832957,0.001005186,0.025330817,0.008255001,0.2803473,P16_T11.mp4,160,00:16
161,275.37366071428573,171.77208775111606,52.36488095238087,63.158213588169644,0.9935543537139893,279.8812439562862,279.78532428961415,280.21358657728854,281.36121417833266,283.28603581105335,286.342403003051,291.1305282715828,297.240683204497,304.23586768004935,311.8234382297798,319.2747993066553,325.70757535667207,330.1252580209813,332.5557785535848,333.7803808598794,334.4008675915891,334.6306375046237,281.1510950747608,283.4873256026494,287.2963888171935,291.62218926562537,295.6836818093568,304.68179649717337,309.2443711299208,314.5901366793014,319.98432453365456,324.3518276137083,299.58210425654016,299.32101050147935,299.0376616400236,298.7306391999497,295.8299583693123,297.9580077700105,300.35667140414716,303.265646231606,306.1362184082047,285.20203039051194,287.5804401386196,290.9121897087426,294.38781708483833,291.31142865432605,288.082839057741,308.3499927711485,311.14390420370535,314.72314781351275,318.45456096740065,315.12856434115145,311.6177778271136,293.0754411629438,295.6633195050687,298.70802269935774,301.06773933262485,303.5046633186567,308.15762264007753,313.02400330454543,308.76690615167973,304.6795694054343,301.93354270398197,299.44584960941063,296.32495548353603,294.4092974524234,298.9882680881466,301.3691804910687,303.89949551375037,311.51715213038227,304.1530903392231,301.60865383829304,299.2300656518006,201.56905464267507,207.35043572228244,213.4308433953548,219.68295396885634,225.32365783984824,230.20575915188627,233.55912235370445,235.46440159522157,235.719301957231,234.8801220446253,233.2172841001756,230.1740377762433,225.24079918532766,219.18103615575976,212.38366757008464,205.18128450781498,198.0048359966086,191.5569355994468,188.82205339154487,187.64353788022459,187.6648465855661,188.65261146356073,187.32526930448228,185.19183738896228,184.15670502530764,184.83785854912745,187.6958293618189,193.45652514107462,196.74607742126864,199.73890925471738,202.8664168943974,209.82937855985847,210.19997927404225,210.26031855266135,209.6382552387672,208.7463930870916,198.00713536718712,195.90860057881633,195.31944672398785,196.63521749262063,198.43668850975894,199.00950734688237,194.9301054619751,192.63089073471576,192.453382939997,194.01062150007894,195.54777783637553,195.82286884042952,221.51128335097403,218.09282401941857,215.92082230822217,216.10619494415346,215.27595502049635,216.50524189906977,219.02850521748218,220.426021094766,221.05477471873238,221.43987637507138,221.64663451261103,221.86806977197693,221.08627022300223,218.674420218102,218.42130875736774,217.97614338548487,218.95807400591147,218.5065300264513,218.87804777841,219.1479956912977,10.160062303151808,-2.0555633722352447,12.85106291637797,0.6068398,0.443125,0.112809256,0.40403774,0.13173519,0.0,0.14130095,0.014763724,0.0,0.15977699,0.5050984,0.6374155,0.64998233,0.0,0.6276338,0.69668937,0.0018392578,0.24441442,0.07502504,0.10489596,0.7296732,0.0008532505,0.0026375346,0.0024764421,0.024512518,0.010586471,0.2292607,P16_T11.mp4,161,00:16
162,277.87801339285716,171.5284423828125,53.07998511904759,63.371620396205344,0.9955293536186218,282.0734354935169,282.02855958125116,282.4083583353199,283.4055504668749,285.13772985802973,287.9897152186972,292.7302578275134,298.8995410608895,306.0407398716314,313.7997377357494,321.43771726932016,327.90525613655285,332.2719559479406,334.63041959097274,335.8017758609953,336.3741142849013,336.5046240714643,283.13030504145394,285.46453691568934,289.1646115207868,293.3116049757897,297.21186816764254,306.2656701549781,310.6001425297506,315.72613162625333,320.95255156847816,325.3307145566872,301.14732770904783,300.8889552277619,300.5942872192332,300.27050573315455,297.56928902374085,299.6378167881777,302.01107966898047,304.9249543994855,307.76898715290383,287.37505958688126,289.64223255661534,292.75355812820544,296.07349856006266,293.21875052392164,290.22150373218136,310.2249852517851,312.9237180462529,316.30486114518425,319.9194242586551,316.6926238382309,313.38602085113325,294.91235671035133,297.28529777005707,300.25031485883636,302.66848764709107,305.14548343937884,309.85519014787246,314.82792441182966,310.57509034379103,306.4450242252213,303.6942040063001,301.2056181218287,298.0869699871089,296.18950826649456,300.61457554641885,303.0202947647579,305.58430236956116,313.3797657368535,305.9156013245043,303.34104841290986,300.9353813205231,201.86521870411326,207.72709026678848,213.87923539357635,220.2181908681365,225.99114915420907,230.95659485022298,234.25881472463328,235.93960472582674,236.04249229034565,235.13494319872598,233.43160758997638,230.29682533983714,225.24249356336966,219.07398088754977,212.17575473869852,204.84934788663205,197.5826456470967,191.52876247314484,189.01203763979763,187.99066133270668,188.0817616329615,189.0508873387047,187.33343466225634,185.2058481938282,184.08320249308633,184.49898401868393,186.9638888563766,193.08264844386915,196.42622459558993,199.5008761601964,202.73526430620348,209.64205270931157,210.05651748802637,210.12283529746628,209.45445367321705,208.46835303777985,197.90642939952113,195.97662239231235,195.27170274182464,196.1669569077314,197.97202197831987,198.61585454536683,194.29010080270822,192.30651114442236,192.07304353662207,193.3476250566808,194.77837819626987,195.06116828670434,221.64706747344164,218.1865070866149,216.0213808671252,216.17895988736842,215.30083702901263,216.39240433043625,218.88669460716923,220.22151333101118,220.8101694443426,221.21560963426683,221.47090895071094,221.812755478791,221.1244753388257,218.6494625990723,218.3645965359276,217.87712822779997,218.77579777675732,218.41323231579844,218.80008393785218,219.12628814754135,11.285617212118991,-2.379480940003268,11.787745904407027,0.5955706,0.5463847,0.14391814,0.28054067,0.1485641,0.0,0.24288853,0.0012171129,0.0,0.16982335,0.51678866,0.5862317,0.62455326,0.0,0.54899937,0.64437944,0.009314104,0.19198602,0.080403805,0.17014955,0.8132019,0.0006063191,0.0013084608,0.0016363108,0.015568787,0.006829624,0.16084868,P16_T11.mp4,162,00:16
163,280.0010044642857,171.42122628348216,52.274739583333314,62.411781529017844,0.9960619807243347,284.0072704954136,283.92789096313726,284.3196404721402,285.36081606739845,287.16805526236385,290.1400569579452,294.8549610098883,300.8929748194501,307.9629158525463,315.7058620231567,323.3531483131491,329.9778974845526,334.5846825244762,337.2931307361443,338.82164876044624,339.6276844767255,339.9733037280712,284.6146129748951,286.98170843999617,290.74263965639597,295.02927501652937,299.0894028320972,308.46280334573237,312.98903927529744,318.2989951927732,323.6695281124416,328.12670536669935,303.0907504209611,302.8093106508625,302.4920670601238,302.14728704801263,299.40091459742575,301.54141435320105,303.9646551462923,306.94097691511405,309.8717074589252,288.6374504450085,291.019224784646,294.1885648813459,297.66886543462186,294.6496911283979,291.5470013582446,312.3936392147633,315.2295357250755,318.68330872967573,322.46749200651556,319.0195847484799,315.6057336400188,296.8913861725082,299.3612426874415,302.2425898055521,304.65466380638213,307.1576345587705,311.8547717375576,317.0686481547981,312.53957756079734,308.40390482200877,305.6673889683888,303.212596351311,300.17530474491025,298.1585726880511,302.60341133994626,304.99366065664066,307.58906602184425,315.5662492196508,307.95458595674,305.3681488448456,302.9870575030958,201.37929781159653,207.37766649540495,213.6611443889437,220.07375352363402,225.89371690953317,230.93287978868847,234.37148845456738,236.26131236143877,236.51517330179922,235.60528619428862,233.85105299225143,230.74851053536804,225.77766083709363,219.64994217424803,212.7192635176369,205.34109625153442,197.95712127136767,191.11345118879757,188.53280393481353,187.4929686671093,187.52592666321752,188.47877121303463,187.00376361800923,185.0823164625356,184.09478186967948,184.58932590880332,187.13729640110347,192.78297479661165,196.12514237513832,199.1754555817893,202.38194540673143,209.52980623152058,209.9235076413495,209.96167070632703,209.3273665504274,208.41578757233233,197.70229833071443,195.98922579549503,195.34806264446874,196.07963819887814,197.89937223755297,198.51728221212963,194.3643827488413,192.68775908782254,192.59905641117783,193.72758989148832,195.1000696826921,195.2769460474215,221.42668305830847,218.25596580573708,216.20242328756024,216.36212872827093,215.49712752769085,216.4995854011903,218.76619201204608,219.9457873965261,220.461196351512,220.86725421985744,221.11807515001206,221.5237089347018,220.9557984231361,218.63478857530745,218.36397321679465,217.8613224837886,218.68248682648127,218.20808452898552,218.6128656823253,218.91935317234302,14.647224996991296,-2.680234429687146,14.765655803352075,0.49800467,0.3697909,0.12375929,0.27044812,0.17731903,0.0,0.20036991,0.0062451675,0.0,0.15244927,0.42896372,0.7053755,0.6742376,0.0,0.50338835,0.7672917,0.03098691,0.33940005,0.091384314,0.21889544,0.7049062,0.0010679815,0.0029390072,0.0023433608,0.05605908,0.008636345,0.22404805,P16_T11.mp4,163,00:16
164,280.5092633928571,170.35738351004466,53.10587797619047,63.706546456473205,0.998471200466156,284.79548717488444,284.6106741176242,284.9033247895474,285.84491152382344,287.64339742424727,290.672307956254,295.4469292998217,301.59463478819254,308.77989569848506,316.62888468738146,324.30580556147584,331.0020767032758,335.69930111437253,338.57587609264783,340.28981340268575,341.3303921600815,341.9255814285378,286.08285964508195,288.5714543335702,292.58378048277365,297.062900971541,301.2737055632144,310.73708506722204,315.535945496026,321.1081965553348,326.68694083702576,331.1836089744903,305.2263441896227,304.8096342386994,304.38346924465833,303.94019404005945,300.8173801207894,302.98568807156676,305.4668850431867,308.4788562389089,311.46348299426967,290.20486885109915,292.70619253378,295.99558380787295,299.55273051144377,296.3961677840522,293.178076648362,314.44507046589086,317.3847003293055,320.9101418810625,324.7004750094782,321.19457236128227,317.7137403864522,297.9615242177221,300.59368974888775,303.6437021144745,306.06098071629447,308.5959073943836,313.2106792728458,318.1801132361421,313.7966686704323,309.69584559596996,306.8991372529945,304.4009189254389,301.2801304358872,299.2770305674233,303.888533051458,306.3066910862042,308.9212884637599,316.62305217885574,309.2998137104291,306.6862894233092,304.26475719124795,200.15604381287923,206.24798733009152,212.69770284391035,219.26301138607246,225.2210145346456,230.36704136349866,233.92470296821273,235.96831370937008,236.35756986039706,235.62235482085163,233.90418438548528,230.76232595888465,225.69747580142607,219.55172511474078,212.6291161889662,205.1690552724922,197.68370040693537,189.79155768991984,187.09851079437013,186.1698182327508,186.46488164941178,187.70300929323108,186.64748928938565,184.56725677399325,183.54882901821512,184.28096034670997,187.30535979790383,192.44876199792037,195.86830023178706,199.01084215548056,202.27194120657668,208.99161301051234,209.50241317123775,209.68158965580548,209.08902957283303,208.2499047485848,196.7099950051044,195.23379621054985,194.7020992653723,195.46009298469886,197.23728795068033,197.74235584912037,194.22137069840878,192.73061341577647,192.77032459687123,193.94968516064705,195.2573472420459,195.33873351921557,221.03476343687117,217.8421029496824,215.8502830615742,216.0969981722104,215.29833637585904,216.4937317814332,219.0166699205137,220.1748694142948,220.67266034701956,221.0041883335842,221.17626100503355,221.3946337695528,220.6203090263543,218.38908288985616,218.19694274376062,217.76855410584415,218.89021840168863,218.22271969745577,218.56550715946332,218.7952396456658,14.755530821234098,-1.1060815307383973,13.1890424066439,0.6185802,0.40459532,0.13131322,0.26602903,0.15940163,0.0,0.23212963,0.1312387,0.0,0.13538484,0.5911873,0.6910456,0.6324256,0.0,0.41897094,0.7150766,0.009074659,0.15183134,0.09398023,0.2526196,0.5445891,0.002406416,0.0015644822,0.0034926252,0.07648379,0.008658554,0.36280498,P16_T11.mp4,164,00:16
165,281.5073102678571,171.52436174665178,52.873604910714334,62.60510951450894,0.9975849390029907,286.1054305059445,285.636947169904,285.6831094943792,286.45530411740475,288.1128826307874,290.9605795139793,295.40567462538706,301.2100753319067,308.0414231964097,315.55528297615,322.86561925121265,329.2555659155201,333.80238247846927,336.65687900175385,338.49533868848135,339.6277328828313,340.37076764001324,287.36896349499614,289.7812975808012,293.69522146583085,297.9884922788107,301.9378405647448,311.8633090159371,316.4008698290861,321.6692408242091,326.8975170037972,330.8528835421412,306.0249056310876,305.6183332755684,305.19741383617884,304.7351413008025,301.251838152667,303.4625742163363,305.9767215499435,308.94464018961116,311.8675943340594,290.85190617488837,293.4036698249912,296.66119895042436,300.1859805748053,297.00880452256484,293.78841929872465,314.8226010460305,317.79434602251695,321.24627052201924,324.92660650751964,321.47016384084344,318.04874256709775,298.1546211213783,300.9132913042061,303.94984444075936,306.284328580676,308.7558622989113,313.13597685239677,317.86204688426295,313.516573105066,309.49643422958616,306.7310942647906,304.2712432999315,301.2992430850617,299.4611438665774,304.0472357955147,306.4178003437599,308.9863604706409,316.384848023191,309.2566668744573,306.6743261138027,304.2933773934305,198.66430232474875,204.5268794712317,210.77284482006965,217.19652325179112,223.0919791321434,228.31338626470992,232.12291765090458,234.53046937541953,235.17435969315966,234.52693186098213,232.79491105802356,229.745770639086,224.94241263356167,219.08773220443365,212.4875944924141,205.40776982268002,198.2337398001175,188.76793776607042,186.1839424337897,185.3881449770937,185.80410965733762,187.1232935697162,186.3084965259848,184.51029733584818,183.75156317915037,184.6068356570588,187.68536431302525,192.50317911014605,196.04070922010078,199.2606668077021,202.57542978222634,209.08009490523287,209.66764023035773,209.88332114224747,209.33403918530968,208.53289067829377,195.92239503470134,194.41528402623447,194.05887720773094,195.1519266291639,196.68731312486509,197.05269806545346,194.24802900027322,192.60151081684046,192.69465043747132,194.0824576520695,195.25240099491944,195.2709192113194,220.2518296927291,217.48523368641494,215.73732093568626,216.03271682481017,215.2938464833584,216.3912640634416,218.55244357992237,219.80690441169526,220.40356667276265,220.71222152422732,220.81185852897048,220.8559923799771,219.9493319075321,218.09584897911145,217.9928401409868,217.58506323941228,218.49065350179328,218.08463640170473,218.3912493461017,218.54388189941056,13.156748847020037,-3.3532346614326767,10.101826415297507,0.60954034,0.40485263,0.056783233,0.2684073,0.13546614,0.0,0.22883928,0.0048800213,0.0,0.15409839,0.71368134,0.4279425,0.6522909,0.0,0.5620552,0.69283813,0.0027828005,0.32810298,0.060434025,0.1412518,0.90433645,0.0033745659,0.0015285321,0.0010178268,0.01381863,0.005267101,0.070656866,P16_T11.mp4,165,00:16
166,280.4477120535714,171.87521275111607,54.24246651785717,64.49760393415178,0.9973357319831848,285.61611148418046,285.31517677386114,285.45372354754414,286.23588714978865,287.8222217590508,290.55055176435667,295.0250093747403,300.8751569849417,307.7089532423886,315.1563180670006,322.38983208862084,328.5850883750585,332.9035081573208,335.5997185618019,337.40952024808377,338.7288573597329,339.6971185845653,287.2129065882175,289.8103639248273,293.9057479668998,298.3311600424658,302.34210355692665,312.45988161434127,316.9968253996866,322.2026134515984,327.2753283249982,330.9518128003508,306.4981192562543,306.10725197023993,305.69841616067623,305.2602102342507,301.6314288443311,303.7953119355535,306.25941929996384,309.1412406314657,311.9195849494956,290.87595273004024,293.52725105210425,296.9087426549635,300.37453408197644,297.12961940439055,293.8004072092651,315.04537454380727,318.09203804930826,321.61133600273627,325.12630213495436,321.78161947930954,318.294434206864,298.03747040691786,300.8549510457515,304.0671625491547,306.4472837889239,308.9729454562145,313.47768890924294,318.140758351543,313.9218228338099,309.7884119522979,306.9603670210566,304.4120336441425,301.2565210210173,299.4309074953349,304.1381278374113,306.5736101213021,309.1963963869357,316.72148949223646,309.5779380322941,306.9255925074456,304.4563114076923,200.63804666697987,206.56794545840316,212.79861288393315,219.19181817601353,225.02259714792947,230.14739536686767,233.78537784028381,236.02128495561763,236.6756898181509,236.16488552071232,234.6730182903927,231.77061504160838,227.05501938386988,221.26569949311894,214.75450627849744,207.77862720800928,200.71072807609917,189.95456689743165,187.12415768677593,186.20503887455183,186.70804220322998,188.17233847565674,187.47485528888637,185.67672737637648,184.9995354735167,186.06204725556978,189.3522084746118,193.3893989504935,196.78632641466106,199.91658622702656,203.1667299986928,210.06325001234978,210.55736826365796,210.7253036071153,210.3128810126839,209.61467354909783,196.8923799160412,194.9094829906435,194.60395350511112,196.22391624079512,197.672573669876,197.98431948030768,195.51366133195893,193.43510681476224,193.52090824467084,195.41447692725785,196.56559267530588,196.55666838549686,221.66703650036445,218.47856697550975,216.5352307879034,216.88148123810075,216.20212803786413,217.63987748904194,220.3581022181386,221.78955922615307,222.33592689921215,222.54633623402216,222.59175807814714,222.49157721617092,221.32410757441755,219.09232007179992,219.01688917871772,218.693501887111,220.19079427370633,219.78161016541915,219.96588094966936,220.0279150282747,11.118076490175502,1.3537014157693512,7.843844662996818,0.6085325,0.4243745,0.17980178,0.32843614,0.124169126,0.0,0.109842025,0.01249257,1.0,0.06946776,0.5563479,0.5352343,0.55085796,0.0,0.37745118,0.7374496,0.022634996,0.45063314,0.15984084,0.087446,0.84585136,0.0009510556,0.0031051305,0.001137858,0.011762503,0.010523698,0.12666836,P16_T11.mp4,166,00:16
167,278.98106398809523,172.59966169084822,53.23322172619049,63.76520298549107,0.9974859952926636,283.76191660355545,283.68114749948205,284.1059022033334,285.16306792063324,287.04485224645,290.19484388467833,294.99256994226164,300.9629365539536,307.7351472060023,314.99769634011415,321.9699204695594,327.92124556286376,332.00632398131364,334.40549600720004,335.9982152611536,337.068745387856,337.6821148829169,285.6458696100891,288.25294195065874,292.38132785122826,296.91339850245845,301.02153198089616,311.60788190874166,316.05525086925655,321.1564257564551,326.1502110407901,329.82469047100443,305.8180744997917,305.6175228429533,305.4009215805566,305.15848086368675,301.23524394942496,303.4732084282625,305.96752875513164,308.7567075643386,311.4611641590382,289.4241093525664,292.24312975574,295.72465361267865,299.2984068312544,295.98780055553163,292.52347791694007,314.3149290621104,317.4297885288083,321.0066157553824,324.5928793655599,321.193779058394,317.6385884697195,297.6311337616545,300.5643439841984,303.7875827566316,306.09492449461965,308.51246531459145,312.79555272005905,317.18952789476225,313.2076066171247,309.32700446068037,306.5890393544613,304.072621744577,300.93929542567525,299.00024173793906,303.8120083498592,306.18833283410186,308.70991787879643,315.75484640216195,309.08870498900717,306.53950404159707,304.1315432717746,201.74505342567838,207.8669266719378,214.189285442816,220.65614539383205,226.49848002847548,231.51049044034994,235.04489270787215,237.2725861688871,237.96465756605514,237.2457091226935,235.46044477130985,232.2427793486897,227.26063333499545,221.27800261720898,214.68184277486614,207.77237128050965,200.7330799587554,190.9947183975629,188.02906233985502,186.82319832689728,187.03960575347807,188.32958994970326,188.08175375588672,186.50967231527542,186.02547500794495,187.14175950889035,190.2278947880899,194.21028127168563,197.7141669405176,200.92088634059155,204.24942584991913,211.3783970222257,211.8494089332308,212.01272815046258,211.67419503816546,211.10273512692822,197.62022270201498,195.5015881123018,195.22305972735,197.06746680680357,198.34166820676992,198.65836172366608,196.5263364997047,194.35075750811637,194.43481612000699,196.3513050383485,197.4705107590609,197.4659750009683,222.85942922456903,219.77586169982513,217.8633452754993,218.2653425143507,217.60017096758995,219.14054086871636,221.81069992610455,223.3772399428018,224.13537970772146,224.3953568648788,224.37033608167533,224.0211397190811,222.58565095731805,220.63891453000724,220.62227201489432,220.333967463556,221.704582798362,221.31538784504693,221.5365841564917,221.55541131527113,9.559542451978427,-0.7827482651090193,6.9053237824503775,0.61039907,0.5171815,0.1321584,0.35732624,0.07344298,0.0,0.11028539,0.0028944595,1.0,0.01760937,0.48151425,0.39605784,0.5401373,0.0,0.4543122,0.5627425,0.11120298,0.2699163,0.18507162,0.089440584,0.8186937,0.0017074792,0.0071916706,0.0008988358,0.030314282,0.03024419,0.110949956,P16_T11.mp4,167,00:16
168,278.95703125,172.83556431361606,50.44174107142857,63.494144112723234,0.9941207766532898,280.33082833347214,280.6347277481108,281.41422082837653,282.64580554419825,284.61826961841535,287.81288126478506,292.68877591570214,298.7151551128756,305.38563071910266,312.4516352731511,319.2191027356539,324.88965438536945,328.7158484613028,331.0557559897245,332.840588711692,334.1536823280369,334.93200598361784,283.15194730746254,286.0819351781427,290.2797270043208,294.8356761444159,298.9958283908397,309.5865811272932,313.90386544897143,318.8461675268863,323.6950291664029,327.4190450443521,303.7233287260881,303.53043723348486,303.33209145332313,303.1139403875306,299.2848738412552,301.4142077216957,303.73462105415985,306.3321880368964,308.8272907099784,287.0923680617237,289.9421992501327,293.394954015784,296.85545423308474,293.620612106834,290.21041077534034,312.0273271244486,315.0312271766565,318.5687527429465,321.98384068011296,318.73427515647285,315.26981706106443,295.4498420937241,298.32707869285065,301.6348611292407,303.8912308620795,306.2261087289932,310.3383690608056,314.43694144698816,310.6382549645118,306.89926590914337,304.2898230213565,301.86977470575636,298.6875862097749,296.80800511034425,301.6788246852025,303.9526018153867,306.3351399827024,312.95989676057684,306.6994146366206,304.29381041892213,301.9870645955398,203.2114113584433,209.4154000518549,215.73728719003148,222.0984215830629,227.7318377545387,232.53735120525758,235.83902084310154,237.76396653738811,238.40366227646325,237.71025928953884,235.9787523331934,232.74198008853102,227.73605676631377,221.90829356587966,215.55895333170707,208.86256418275823,201.98184191331606,190.78987772818786,188.14950526053644,187.07743801925326,187.27758448635666,188.51148420890857,188.58274645139346,186.9631114289136,186.4307211906149,187.37479206174896,190.1191615801465,194.43032629109615,197.97885580306001,201.26087229401855,204.64885228577552,211.75392243647534,212.13220293787933,212.22355430693798,211.95481824366792,211.42536632680998,197.74747320787387,195.5749410066536,195.35013216770471,197.2799962578496,198.52447302929724,198.82112768770963,196.68328084971014,194.42579391892014,194.50784665868983,196.5044905751496,197.590034584401,197.59860885160373,223.3963785296055,220.05583857767883,218.05185794052736,218.46441280346681,217.84697473576907,219.5545255165349,222.44138318826163,224.43393298296115,225.30931207518907,225.5531791304072,225.4779453854494,224.9441427546189,223.0914470692985,220.82086485276747,220.79112286340802,220.5617294255496,222.37015500668986,222.30785078436244,222.47922259203972,222.484663255233,8.84267586723637,-2.0492270651329143,2.3186894796448234,0.5946873,0.37448496,0.4618986,0.33407393,0.057660062,0.0,0.10736036,0.0017646267,1.0,0.017460218,0.28520957,0.27085805,0.5225633,0.0,0.34093553,0.3428693,0.62243724,0.43196625,0.09427971,0.088318236,0.92201596,0.0023778242,0.004739437,0.00064380065,0.01656745,0.02407907,0.02957646,P16_T11.mp4,168,00:16
169,274.25260416666663,174.3412876674107,53.88098958333336,66.66261160714285,0.9930485486984253,277.83248107272067,277.8548004624168,278.3053937042584,279.33624816546484,281.18860969971337,284.37657524285703,289.39482371867103,295.7818835072765,302.9540007695795,310.5025366132228,317.5019706503754,323.3153300998174,327.21428096991036,329.49263721332755,330.9785240002908,331.9045426526426,332.4306336976136,281.26136347191544,284.1761441671755,288.72133935304623,293.5944021299601,297.8613296930239,306.53897347016,310.9581077321938,316.06180022923274,321.0262552090947,324.7149909001828,301.673670745955,301.5507972846287,301.4172075600377,301.2692253813134,296.89385972379046,299.1743067709636,301.726601219148,304.5077325887978,307.16610493107834,285.22352956708653,288.1046309183777,291.50638770168246,294.99410107497795,291.7463437893029,288.3617830920778,309.67755837681835,312.77164754653086,316.1621206648674,319.4785740853527,316.2495911207476,312.8563668193615,293.2763067220364,296.1297293599788,299.4736564663066,301.74920192565503,304.15796519923424,308.2277421267171,312.2315860226431,308.6090551437597,304.8933750238802,302.14041347997795,299.5844857536589,296.3741841325337,294.7611898278352,299.4648331314139,301.7779486892692,304.22378379683414,310.73058441719303,304.6137604180377,302.1114807611837,299.711688633025,202.41702730406874,208.78216345374605,215.41826014126784,222.18665201924208,228.22281915104017,233.44595685877707,237.18101446204153,239.4328601720876,240.21120180293386,239.50533977960103,237.66612384616263,234.049638894674,228.64228635657844,222.32749161181704,215.51754113512646,208.34062479875183,201.15846834076302,192.02671962972997,189.01274376607898,188.01291997954513,188.61710981612626,190.24077747135556,189.95111413366428,188.05892719833977,187.2369528533066,188.1505029724272,191.29399900307348,195.11687990025217,198.385399797,201.37467223018407,204.53484939410353,211.74050057388843,212.22327359805416,212.41987113617625,212.11617295046736,211.5476984286734,198.62566342587982,196.8018340915761,196.52513993567788,198.0288617316474,199.37354893587928,199.70644446890802,197.67177772095826,195.9154477329978,196.0806999030656,197.78108360625802,198.89408019222188,198.8345626143792,223.39419727813453,219.9262237624212,217.90581119423996,218.3903341043315,217.83760855586934,219.7818367171793,223.07101671124676,225.1938333666963,226.10643940567172,226.2934197233245,226.13638772583434,225.27218725066896,223.09124768122766,220.75661377137527,220.81471761304087,220.68906912825736,222.8642726956042,222.85463163472713,222.96702008474352,222.86379588745004,8.532382238018128,-1.9738279626751527,2.8260902758756385,0.51722205,0.36839703,0.40371522,0.32586682,0.08554339,0.0,0.12583806,0.00062651566,0.0,0.0206509,0.3931255,0.43089885,0.49624038,0.0,0.45239395,0.4584546,0.67062443,0.31395364,0.10959803,0.15232012,0.31615368,0.0004421499,0.013827237,0.0003467697,0.016103383,0.41407564,0.23905113,P16_T11.mp4,169,00:16
169,408.44936755952375,269.75189732142854,14.901264880952397,18.870389229910757,0.5408897399902344,407.3498029268082,408.0455883098583,408.95609958104075,410.32432499444496,412.290684217967,414.75777706317103,417.45914338745115,420.1794219241428,422.70266360551784,424.53990297860815,425.55986267288915,426.2319237706401,426.64159479262275,426.94517548346226,427.0690874569607,426.98967830016477,426.650069655721,412.95528611347044,414.35811620557257,415.9985164566548,417.6547913856045,419.1118928597337,421.93694305560683,422.8033955664587,423.892572716428,425.07525140185356,425.9490679600161,421.11375432270546,421.5157130708,421.9428116182364,422.45763087000165,420.28043462589017,421.2862142100087,422.3360674013274,423.1932554655625,423.93245815669167,414.48835227065354,415.9286038975271,417.1055192981256,418.2675891788615,417.1978654771857,416.02641507430735,422.5512822238692,423.37470715696844,424.2883956582405,425.33783988578807,424.3808754591268,423.48821147489264,419.9093627653797,420.92899042966826,422.1051985793887,422.9529656300188,423.5924014067297,424.53474031714126,425.163937152705,424.8202874603051,424.14155876839817,423.3849879392935,422.4515652489213,421.208210106961,420.31591054588927,422.2407329523359,423.05993867504407,423.7376375340885,424.9982568859372,423.92620762459933,423.21137809445565,422.3669448409035,279.06552855237555,281.7108830365993,284.4115893500408,286.90044568147306,288.7936604523035,289.8619737013694,290.38037104870295,290.34605318453094,290.02779028939415,289.1174544812158,287.5442410389783,285.7766375333553,283.95983420138145,282.05918114889243,280.10261478557254,278.143009537993,276.3568845625714,275.1517236674584,274.40221252483803,274.1256855298006,274.2012021073362,274.4295395380119,274.4540503699698,273.99757256706926,273.5729041822397,273.529701141483,274.1017469771791,275.9889683367039,277.19055855968344,278.24976730340944,279.334898006561,281.904784503004,281.8927706860846,281.7455963673882,281.55067451612877,281.23423238708835,276.94400267032006,276.32783666224196,276.1364314944994,276.7421851229994,277.1210468660344,277.2244215697601,276.2881766244527,275.6158395098991,275.52980392526746,275.9578729180881,276.39418394809775,276.46154689480414,285.83637728739114,284.462152388962,283.33132572068,283.37920012649215,283.07354357334253,283.66091542758943,284.60828067821086,285.204312306568,285.7519363915237,285.96746569775746,286.03474631182354,285.8901863918882,285.6234583307723,284.5206720002616,284.4436005505665,284.26630328321164,284.53435271572005,284.5878540851023,284.70945129666194,284.76004267960684,8.532382238018128,-1.9738279626751527,2.8260902758756385,0.39175797,0.39685798,0.80918974,0.3367184,0.201589,0.0,0.37053788,0.118440606,1.0,0.10975662,0.36379433,0.68427855,0.45035636,1.0,0.57052296,0.5288544,0.1448228,0.18157099,0.26689783,0.26419616,0.5372053,0.003956818,0.074358314,0.027481651,0.24408513,0.02024543,0.09266731,P16_T11.mp4,169,00:16
170,271.922265625,172.87691476004466,54.69112723214283,67.19569963727676,0.9945430755615234,274.24208367837673,274.38209220855543,274.98661982731363,276.3118640134474,278.4978417080047,281.9407457028801,287.135582084381,293.6421343696912,300.7717205890948,308.20832756518394,315.01282167465956,320.56859488749353,324.08483805709426,326.00530864220895,327.12431471101434,327.7007283987106,327.901397319079,277.6805911917685,280.63426376281575,285.0231754642282,289.6613540882198,293.775612460716,303.6447052888455,307.7628590953319,312.4952178263622,317.1947453302647,320.825438801665,298.18010109187827,298.0432418314369,297.88454795456437,297.7333469605921,293.58582960819194,295.8578937505165,298.3823945115541,301.16208104397884,303.79981132922984,281.4090081492441,284.28087540494454,287.71824384633663,291.41744745199134,288.0824897539219,284.65596412447525,306.2306582633299,309.1940574038251,312.5723046440904,315.9701804499521,312.8203916418767,309.4480560411031,290.43454126229426,293.15708915561675,296.4255481187222,298.7294702304533,301.10822264386275,305.2342009618063,309.3057104908408,305.8133157400671,302.10834708435544,299.36034790084784,296.7707734463985,293.56615538359125,291.917069903934,296.48447947451587,298.8211342860498,301.2689038889709,307.86106440405695,301.7511879348437,299.2530059850711,296.8333839566887,203.35666214212085,209.78478667684257,216.44823771922847,223.1405692833258,228.9151740877791,233.63791078444987,236.7191053495789,238.246524001667,238.55302568756784,237.6912432236004,235.93505854182044,232.35584920231776,226.94352216205792,220.6697298677546,213.9796572228126,206.97799792076486,200.0721480312742,190.85104298458805,188.15095451512266,187.25321438379234,187.71003993016356,189.117887262665,188.8604233472786,186.9887982842396,186.04906869078056,186.61046056609396,189.25623404540121,194.60270157675592,197.97805067180695,201.1307568499404,204.41218297023968,211.56756412391275,211.93931012371473,212.02493757833443,211.6304726192831,211.0020220854278,198.2444997985995,196.40720550051046,196.0916729441993,197.54947122729922,198.888459975251,199.2773016674689,196.72548480639026,194.8497768671333,194.84640050392773,196.40089734861394,197.58987704291374,197.67561504038576,222.91812822726888,219.2617071085528,217.07342964204693,217.48566796926082,216.86464783756327,218.72454093962747,221.8473909352229,223.96267647574598,224.93349264175106,225.1794937439769,225.10887128000172,224.4644208698314,222.54650718895212,219.93110655986206,219.91936018025436,219.6916467107647,221.6908958998686,221.74786391848147,221.8993172385296,221.86041096073734,10.55364173334793,-2.551074559851199,0.3927593795448847,0.5116654,0.28048828,0.3214649,0.32259285,0.07549829,1.0,0.11916457,0.0014140017,0.0,0.029778184,0.2716632,0.5589084,0.43688905,0.0,0.22120093,0.36949578,0.6411463,0.41398734,0.1414964,0.12947088,0.29318127,0.0024811486,0.03727888,0.00076941313,0.04790771,0.32394153,0.29444006,P16_T11.mp4,170,00:17
170,408.384375,269.6713727678571,15.042410714285722,19.06148856026789,0.5858071446418762,407.36136513343456,408.0583566394903,408.97418660043644,410.35416527391726,412.3425788969525,414.8463584531598,417.5868855343932,420.3420608123066,422.8928348483501,424.7467561026503,425.772331651064,426.4539445275125,426.87006292928874,427.1791175197394,427.30931250240457,427.22746038625814,426.8748634040198,413.0016454937568,414.4259351667021,416.0888292935527,417.7701038805244,419.2499616729952,422.11060151291315,422.9841065838991,424.08262044448554,425.27705790650634,426.1605061363146,421.27863329598995,421.68624418219633,422.11972800477605,422.64160409609656,420.4285784281774,421.4488040581462,422.5115509053576,423.37852127728485,424.127103571168,414.5583490566733,416.0212149955307,417.2204215744527,418.39888426725355,417.3120396095137,416.1182156702504,422.7212393500127,423.5614028675914,424.4934666406995,425.55738463468566,424.58855448779985,423.67825577535797,420.0437687744054,421.08748278229695,422.28136534706823,423.1372718586029,423.78385667575304,424.73801681181646,425.3791262792024,425.0286275447945,424.34214329765194,423.5752902960521,422.63101196653525,421.36915517039097,420.45666413662923,422.4171829249593,423.24534321063464,423.9317306575199,425.2102643655954,424.1234783333635,423.3996291869087,422.5456300494577,279.18889627211774,281.8663177659045,284.59745658556517,287.1127103807205,289.02456454393024,290.09899831797895,290.61642023408035,290.5790007994119,290.254336826628,289.3328174646445,287.74538731865135,285.96315279009866,284.12558805251194,282.20456785930605,280.2264614185959,278.24299687913737,276.4359828481035,275.22402590289795,274.4616788851056,274.17578137028863,274.2504729941637,274.48276361720303,274.5137485615298,274.0561253452125,273.6292743853327,273.5869897151977,274.16573323090563,276.06536193063533,277.2808514035398,278.35086508696713,279.4446711829281,282.0562112396367,282.0428023589268,281.8940435410053,281.69860791169754,281.37990328996426,277.0098249986714,276.37772818059227,276.18549173161864,276.81792053367866,277.19666108399565,277.2990382631463,276.3736734768575,275.68237034930127,275.5942909771668,276.0351902448082,276.4787699252076,276.54765762379725,286.0311720131406,284.64122529908116,283.496127337214,283.5455718179283,283.2342103819097,283.8278154638787,284.7806926556871,285.38322790223674,285.9392431265492,286.1583770949011,286.2263213318282,286.08102414564263,285.81546013839124,284.70035116890796,284.62308683960333,284.44229122667207,284.70698130484004,284.76231696740973,284.8871497611748,284.9383707311179,10.55364173334793,-2.551074559851199,0.3927593795448847,0.36091524,0.23185535,0.7736699,0.33079728,0.20190968,0.0,0.3532876,0.035300054,1.0,0.13196513,0.37914488,0.5506154,0.39206234,0.0,0.6698248,0.5591227,0.021233816,0.123408705,0.30695373,0.26554593,0.5191357,0.003008911,0.08192331,0.029846245,0.25257316,0.019745253,0.09376744,P16_T11.mp4,170,00:17
171,267.80465029761905,174.85610700334823,55.670089285714255,66.2489292689732,0.9941287040710449,271.99990196577266,272.3573063296535,273.11969426236476,274.56299056161754,276.8677886602413,280.45945001481505,285.75495961149204,292.17207279358604,299.1384791543042,306.3606622418795,312.9802843854246,318.47937621214356,321.9939493986343,323.9030880973888,325.06382926305497,325.7762426827694,326.12999959191364,275.415735626525,278.16437767240683,282.5334337659936,287.36880255448,291.73263919838524,301.15045735958404,305.57258457113073,310.7070162170603,315.66648849795115,319.36984797110625,296.36651306285296,296.3759426632762,296.37227980843846,296.36729965263703,291.99943055146537,294.3181669262925,296.8805257942655,299.6028846059022,302.19124358318277,279.6636486010062,282.481144499325,285.8607488297076,289.51515967353,286.2512503803,282.88692768879434,304.18626272317886,307.2779586078752,310.661299239732,314.02141651898864,310.7230891842139,307.3252392877863,288.5527836574707,291.4202990844668,294.70563347232667,296.93427925517057,299.25448693197336,303.17437182791224,307.07607512745716,303.50244136826535,299.92148663789067,297.31056769698444,294.8398631235775,291.7093542453803,289.9457938878333,294.75282885936963,297.0107964348864,299.36231133279284,305.57800066825826,299.66333355695707,297.2599653337082,294.9460645906558,204.31163874499674,210.62872234672167,217.1313653215993,223.66115038251928,229.3314534265711,233.95020439166657,236.84677388649942,238.35840991173413,238.6916017626689,237.84445404223376,236.11551074292387,232.7687939209521,227.6403943761978,221.639060233871,215.1639952863618,208.2776291746633,201.38820673518939,192.69479748791173,189.6788298239008,188.40253103736958,188.56893031539096,189.825213708863,189.53323963646164,187.722556153885,187.00687909734066,188.0282149931317,191.12357254804266,194.97284205689246,198.1807115665016,201.1116754104158,204.22840238266784,211.58580783570935,211.96660258405709,212.07452649322272,211.75000608388316,211.1674700098976,199.55978825915338,197.90821269899445,197.43794099346482,198.3755536468046,200.04100588276225,200.5558952353196,197.75036876949778,196.3684252887776,196.61019266204107,198.054423628974,199.2170104375371,199.10763418036657,223.27039532256867,219.74980425038075,217.70069521649967,218.0869676623797,217.49059518978314,219.28534667536331,222.4166231893739,223.88614349171328,224.58791425687969,224.810263287161,224.80200883292116,224.33620078749138,222.8582507066832,220.42292608883415,220.38457272912274,220.18376488654192,222.1124072211467,221.65692908974836,221.84620817965094,221.85456688072964,9.24413620164759,-1.2394056937874054,2.882266688833174,0.5570404,0.4154312,0.15848833,0.30534947,0.08081896,0.0,0.18801357,0.040454395,1.0,0.037167035,0.2454241,0.79427063,0.6043976,0.0,0.17763099,0.62650317,0.29022828,0.36575207,0.33420682,0.30522218,0.30622324,0.013982567,0.025196943,0.00031847248,0.07848156,0.16129,0.41450718,P16_T11.mp4,171,00:17
171,408.3682663690476,269.6897251674107,14.998846726190436,18.983977399553567,0.6147944927215576,407.33225860967434,408.02144551402523,408.92381904960035,410.28725322507546,412.2570722109325,414.73272592765403,417.44294512497464,420.1718502357376,422.7057749717829,424.5512708175876,425.58235331601196,426.2731733622728,426.6963197182578,427.0108090117504,427.15243442641236,427.0907559079218,426.75656978919966,412.9917151813252,414.39119321628726,416.03878118460335,417.71051154590026,419.1863789365607,422.03026864363443,422.90537471775593,424.0019919999165,425.19113656469204,426.0636831106488,421.204923327419,421.60869195054516,422.03746247929325,422.5532705440409,420.3311357158163,421.34787535163906,422.40573037888254,423.2728482810183,424.01982315315746,414.54519534141156,415.99971070003465,417.1926273439835,418.35739460947974,417.2838999825538,416.09584168967837,422.624310010631,423.45639428614703,424.38307655008776,425.4369666848957,424.4795252742623,423.5743566253041,419.950487032245,420.98385749085907,422.1635297646653,423.01005602509383,423.65193137521356,424.5965194735884,425.2303251813299,424.8768658834194,424.19234349849967,423.4291356506526,422.49244746467167,421.25142798530436,420.36246922877615,422.2926304643185,423.1134691099883,423.79480871824046,425.0643794966634,423.9808463595402,423.26082596676343,422.41347549753067,279.0499321266355,281.71514232669324,284.4322260835028,286.93496938465427,288.8409121881828,289.9219441842559,290.4556350001598,290.4383659926271,290.12705404444245,289.2195892882553,287.64827933276786,285.8712226901924,284.0346057593315,282.11303557667947,280.13600714000506,278.14995925195973,276.3366835885534,275.2244002288329,274.4467191657562,274.14100694921683,274.2036617545777,274.42597816166267,274.46100703584284,274.0108498501407,273.5931701574932,273.56004633265786,274.1477981853526,276.01270706785283,277.23162702433154,278.3042567072569,279.39978907535715,281.9884687043695,281.9777784310321,281.83274891180304,281.63599927172794,281.3149366753996,276.9417377158577,276.30788448372056,276.1144276053428,276.7521893795607,277.13059219597847,277.23275538926777,276.315343098155,275.62014741289636,275.53050486109623,275.9698828349492,276.4179251850458,276.4893896555169,285.93017466621353,284.5599743746404,283.4294898503129,283.48173002383106,283.1725213696131,283.76090190217,284.70621644487807,285.3041765377544,285.859955334908,286.07767273833576,286.14146269783225,285.9860321251592,285.71893551683036,284.62185928479204,284.54824806947823,284.3690444362704,284.63091743459944,284.69197406242716,284.8157941228058,284.86282154904313,9.24413620164759,-1.2394056937874054,2.882266688833174,0.39986455,0.3121858,0.7500382,0.33572525,0.20291767,0.0,0.26103964,0.02620767,1.0,0.096925475,0.39858493,0.5017861,0.43725482,1.0,0.61001205,0.5941148,0.1605448,0.12217264,0.09565804,0.06811714,0.48711085,0.002432389,0.1005954,0.035898328,0.24026564,0.024734993,0.108962424,P16_T11.mp4,171,00:17
172,265.95569196428573,173.62312709263392,56.66566220238087,68.27223423549108,0.9935616254806519,270.20988520864734,270.7299251762576,271.6613658809059,273.20051849769254,275.58621964230383,279.27931378115653,284.7288914924556,291.24059195218143,298.26176511151175,305.49611483497887,312.14873743137036,317.6860639977664,321.2002079964437,323.07303162277344,324.1051616909361,324.6752911925432,324.87661620425393,273.7725146065988,276.5211445178034,280.88861494078964,285.78118189609046,290.22860512825343,300.2511949267093,304.68598529273044,309.79598208870823,314.70239294641027,318.2970659731297,295.321876927503,295.4771337292477,295.6252659265468,295.7654189575235,291.2769083903325,293.6452973321261,296.2123987678933,298.87428088219934,301.37388902095097,278.5440756001699,281.3523368391252,284.82041262783645,288.4935149019869,285.2312078467448,281.77897807683144,302.6284346879393,305.6761978800421,309.1925295571235,312.5855943459103,309.3009807840829,305.8107938172154,287.45702900985884,290.4887899204205,293.9116642690692,296.1850527878414,298.5828313333747,302.4701649451782,306.2266431592226,302.63019264379983,299.024610524324,296.3530743024175,293.84751352979384,290.67615627427796,288.8306835112108,293.9049449711136,296.22430891884807,298.6332504840954,304.79715158485214,298.8508365875156,296.3758300643892,294.0182720839805,204.58864866336765,211.01968580675643,217.5797910927795,224.16270585609226,229.9141563295054,234.5512044004855,237.40576824352152,238.84889374223212,239.12601595079386,238.20432945956586,236.40781088400232,233.03957233853413,227.9076694592505,221.83422495393688,215.2370170328363,208.28427718858583,201.30263362006266,193.3467699793475,190.16806837490336,188.68411679293848,188.667335639287,189.77895461160765,189.30633794493914,187.5516697060792,186.9675144024713,188.18697175880558,191.474454206933,195.17710478917164,198.46305635073722,201.45573936748363,204.61394125331032,211.98933031050046,212.29286092265517,212.35198683809597,212.03699044716237,211.4880882625705,199.76731798610209,197.72317179474715,197.23766345176847,198.62227831958944,200.2566010509701,200.7725195887297,197.90676830992598,196.06769011130132,196.27974353697167,198.0895981610212,199.3182457199372,199.24249491358808,223.52658464476698,219.8375093883398,217.72334283841982,218.1041600266962,217.50074167758657,219.38148098849925,222.68316625501612,223.87436691249854,224.4310041028765,224.63563504824705,224.65836151095448,224.29851771273576,223.0539875109414,220.4206819457896,220.3791844210608,220.17296643220513,222.2862784202485,221.60780023910712,221.79572083738168,221.8110687686858,9.510352583743519,-1.5141234703437685,1.4180553563292397,0.60745645,0.4526813,0.27734447,0.44835946,0.088914715,0.0,0.1703344,0.021425951,1.0,0.04080001,0.24556492,0.6952729,0.5511725,0.0,0.34075218,0.6375896,0.1925892,0.4173917,0.1467475,0.23147808,0.43265876,0.0021818134,0.010518915,0.00023869099,0.050484993,0.07771403,0.42620274,P16_T11.mp4,172,00:17
172,408.33753720238093,269.72107282366073,15.128422619047626,19.0659458705357,0.625576376914978,407.2723972189276,407.9770541189435,408.90831102187263,410.31940104469345,412.3477192817081,414.88781128365446,417.65482000847015,420.4226974119166,422.9784999510154,424.83199286340005,425.8411956043821,426.4956419931312,426.88411998615265,427.17423955700025,427.2965473262919,427.20679114085755,426.8425611458489,412.938124145308,414.3414546996685,415.9973129957768,417.67862071199175,419.17087559312915,422.0649759563681,422.951839562896,424.06112990109716,425.25972640283607,426.1420911541002,421.23921714118813,421.661258585483,422.10820260509485,422.64149355334825,420.3969166120498,421.43233926517354,422.50702973803635,423.3801894959601,424.1274685834734,414.5358327938563,415.9900144588349,417.18976192566697,418.36611916349534,417.2893285884482,416.0955282291654,422.66948355161685,423.50972898076054,424.44756234004296,425.51386467749285,424.54856361808254,423.63259177705805,420.00620214657226,421.0530608106817,422.2516245835554,423.11170097761124,423.765199592972,424.7376328175927,425.4013714766562,425.0458241768474,424.35234588892934,423.57746818582723,422.62556823301793,421.3515207873471,420.4242356685815,422.39567250156307,423.22927260736634,423.92453052733026,425.228055770934,424.1217983075757,423.39018270947105,422.5288435266992,279.24747438580863,281.94103135487563,284.67967642687825,287.19215549435734,289.090990158383,290.1541805262325,290.66618816618006,290.6273362757698,290.28928664552416,289.35365293872445,287.74981853757083,285.9458143967899,284.0888290417467,282.155224049543,280.1652217677708,278.1697817214141,276.35055524905346,275.2927337788012,274.50115208111737,274.1803628361621,274.2244833920199,274.430465914479,274.4374228438903,273.97975602981387,273.5614347665313,273.5349387045893,274.1313493149553,276.0163785345244,277.2443321465057,278.3242394641128,279.42702084924525,282.0384079110932,282.0243208620255,281.8737694457599,281.66492928425714,281.3311725901649,277.0173349651761,276.35859700397623,276.154087962303,276.7915664799945,277.1766856732238,277.2911910174195,276.3137918693544,275.60802457440116,275.5146368486311,275.9603317165541,276.4054851944984,276.4811516034597,286.0187274899653,284.6275393445979,283.48855710713724,283.5342206926195,283.21512516643884,283.7897226699934,284.7261145955038,285.34245640293165,285.91415058340147,286.14361674850045,286.2181935589907,286.0706163783511,285.80330337174433,284.6897555536604,284.60568600855635,284.41629633890767,284.65859903768273,284.7315830433994,284.86744874510447,284.92470380368206,9.510352583743519,-1.5141234703437685,1.4180553563292397,0.36365876,0.2964952,0.6607768,0.33572525,0.20115578,0.0,0.2555918,0.016458485,1.0,0.11437367,0.4020319,0.44886577,0.39543906,0.0,0.6891954,0.5948265,0.08440105,0.18054698,0.30142468,0.08700031,0.4309866,0.0023297437,0.116982654,0.041285917,0.26925597,0.027804608,0.11135444,P16_T11.mp4,172,00:17
173,265.68878348214287,173.47142159598215,56.10184151785711,68.633056640625,0.9963629841804504,269.37631400114975,269.67314641083857,270.3726226749298,271.72454680345754,273.99853928790753,277.6180275408281,282.9967215721458,289.59774654592826,296.85706357097285,304.33348440488254,310.94743973406065,316.28582090337795,319.66962225694357,321.39465144678167,322.16705118445014,322.40247299679237,322.3468636323573,272.8767094591202,275.724157559996,280.165572640785,284.9630560333017,289.25856280420186,299.38415769880436,303.6714786809337,308.5485397219475,313.23418830374055,316.6136500847285,294.2621464400486,294.37307062779354,294.4775492739157,294.5867013058908,289.8332542660987,292.30692599734965,295.00468461664195,297.7184392735412,300.2747764260849,277.3138107396799,280.07360217444574,283.55281030747784,287.1893893091873,283.9042445055026,280.4529785072132,301.4508889569893,304.5053246063347,307.9951362198734,311.25346305410994,308.1007733944213,304.6471657941866,286.0189344223959,289.0272670221216,292.584705278003,294.9591829218195,297.4452818340439,301.40294257082775,305.1044556180938,301.7376492874514,298.1423183158148,295.34340200158687,292.71214831385214,289.3273087028202,287.5617138365159,292.6102125394441,295.00883764650706,297.5127415697489,303.566116411436,297.91894814451143,295.3514724284169,292.8849899551299,203.12963176001796,209.599998290668,216.26390779467766,223.02191337014665,228.98859984967277,233.86087950642104,237.0604748402955,238.8254536247463,239.21746331727482,238.25470655941754,236.06217678666582,232.19383073707576,226.74731861168402,220.44473743299605,213.71563125092652,206.72832050048163,199.85803093907307,192.220621289665,189.1631813208427,187.92096639791853,188.13488670812222,189.36579125183925,188.7795439597976,186.9252136705123,186.18661129970423,187.1257249959919,190.2320440645388,194.63733613083315,197.88347632601509,200.88322550645097,204.0683834161726,211.24017509135882,211.59705093667145,211.74179826362524,211.34429047009326,210.7737004933646,198.8149871795089,196.79924589911244,196.38197439608047,197.83308524851455,199.34714199391018,199.82904318333604,197.12159907004389,195.24808188096213,195.41364590193842,197.19287802233885,198.39844221125242,198.35790353438932,222.65714382267907,218.85007705418394,216.68487087981194,217.13990746411145,216.5376248623128,218.5615494769707,222.02791561694465,223.78476015732159,224.59878346499755,224.78289621333244,224.736240899103,224.06596838757395,222.23604819403846,219.61289438724634,219.622663334565,219.4523694740201,221.7214701212826,221.33098713358632,221.49480108937715,221.4439485641138,9.677143222513628,-2.4024048303486842,2.1939234952643156,0.65843344,0.4280631,0.32917178,0.32786238,0.0926964,1.0,0.19113252,0.009131434,1.0,0.027005274,0.23736344,0.787728,0.565748,0.0,0.34050938,0.54194915,0.30769947,0.4105343,0.08297565,0.19197896,0.76784927,0.0017623801,0.016169297,0.0003452171,0.013564763,0.08068827,0.11962095,P16_T11.mp4,173,00:17
173,408.36960565476187,269.5285505022321,15.348623511904748,19.303585379464323,0.5687624216079712,408.0825749381086,408.7547860012654,409.6751540758199,411.0790357032906,413.09799537229355,415.6388023495491,418.4194134482605,421.2050710055425,423.7892029687044,425.72748488382837,426.8578363756463,427.63209566758115,428.0614050087888,428.3557964862085,428.4653771239419,428.3299718730471,427.93403957410646,413.14976610021796,414.5565468525542,416.18835961683953,417.84409646070964,419.3289482052884,422.2502788692689,423.26791553430957,424.4872890405733,425.7845519770269,426.76745161028146,421.40357562802035,421.7995949110622,422.22454952440887,422.72140132986175,420.69890499775926,421.72279485318745,422.7613366972206,423.6409144059292,424.4037401210041,414.8562084619477,416.23295760816364,417.41455101979864,418.56005845572867,417.50266867573174,416.3206154909903,422.98887053760467,423.8496417313501,424.8501521933511,425.9825070808971,424.95368950709997,423.98163941459734,420.27096945307085,421.3381815330052,422.49820979103845,423.3457718276991,424.01519318646683,425.07155296424935,425.9262476972098,425.419679905721,424.66278291652907,423.86977924113194,422.9134111394487,421.6334746075375,420.6901168421363,422.6709878300563,423.49804371002995,424.21042416919886,425.69032334280837,424.40778971416074,423.6574482886606,422.79989550666016,279.844824232668,282.53969938297956,285.27683223808253,287.7576188047982,289.5913044092585,290.60878643589695,291.05018794787384,290.93014850749404,290.55759560198055,289.63264256783697,288.11605129121403,286.35029474700434,284.46327684289776,282.4480084753964,280.3659432216604,278.2969642427075,276.40453192347513,275.5064286722572,274.7129962895041,274.402926273015,274.43399547519977,274.61437633887397,274.5017616128481,274.0719193214329,273.6784757342772,273.6436254850895,274.2100148663155,276.1138027528567,277.30090308651876,278.339162577398,279.3923688363364,282.1535755769762,282.09260800622303,281.9106966365774,281.72762962101564,281.4293031485409,277.2280083386487,276.4417769968463,276.26275819374115,276.9848822529464,277.3486055818363,277.46466929651046,276.4137004619534,275.5861171545724,275.50099147558115,275.996417017914,276.4608776009136,276.5510269569251,286.2201237298828,284.85799964862144,283.77064315540514,283.8099268323549,283.49580653235915,284.0249943322645,284.86240960448316,285.47730021598784,286.032414800856,286.265946402124,286.3598146736376,286.2478606125709,285.9980257054748,284.88621425351624,284.7910356976843,284.59183658309684,284.79234460130266,284.9091987667379,285.06256002138406,285.1369231437247,9.677143222513628,-2.4024048303486842,2.1939234952643156,0.44062185,0.29405865,0.5725394,0.3406861,0.20153312,1.0,0.19907762,0.008751492,1.0,0.16027643,0.29171467,0.837136,0.3805721,0.0,0.68067384,0.5645789,0.103003696,0.1607054,0.34913263,0.0773202,0.4310001,0.0015896229,0.1390951,0.024334013,0.25259745,0.027617691,0.12376593,P16_T11.mp4,173,00:17
174,265.42992931547616,173.52382114955358,56.0108444940476,67.61063755580355,0.9961960315704346,269.47989114720787,269.9316079716996,270.7044133607154,272.0369354975857,274.27055554874255,277.8965733043655,283.3418358174925,289.9237403396176,297.0903015014506,304.44618290685713,311.0479943686913,316.31863532481003,319.51571450512495,321.13742042460973,322.0592715592927,322.54478037162653,322.65540618306454,272.9168643049668,275.8863568469752,280.3739560446795,285.16691023995946,289.4827894144402,299.00865539921165,303.23369964061203,308.10388057552126,312.94059715411163,316.5816932136366,294.12988108840955,294.2923186214663,294.4681854200573,294.6350236126877,290.2019974295873,292.52459301425745,295.0356528900346,297.60548816851406,300.00328667299857,277.53471093632936,280.24754347150684,283.6840475479705,287.2189789042517,283.99680387464247,280.5989458102485,301.40869775648974,304.36226087801924,307.8478540702334,311.10247550139206,308.01704734111917,304.5789764364117,286.5101342006063,289.4533726977512,292.8518884431364,295.1257793652825,297.50460183881387,301.3383549057651,305.0356246593653,301.664801636012,298.1097118737603,295.4375201551297,292.9441402918817,289.74253955475206,287.9834266669947,292.8819120639754,295.1738674518772,297.5789439702721,303.56568830038805,297.86991944999886,295.4183845398184,293.07710791346335,203.272524500024,209.76148805912985,216.39030796461157,223.0702335518243,228.9599264127257,233.69291315850668,236.65530661452144,238.19613711564256,238.55834041389835,237.68633762963967,235.71617201025998,232.05524396731536,226.70344711123366,220.60215506318042,214.08517477743678,207.2370182613769,200.38643896460667,192.0109682589736,189.13727710870734,188.11727917580615,188.54177115058883,189.9320821686746,189.68818891049713,187.7370646065807,186.78705166857074,187.38951163599367,190.14849790190928,194.86374176859573,198.23741796683754,201.36520610242476,204.62806547158763,211.3085133348816,211.67306203961357,211.78859144314808,211.38662746026014,210.77462628257462,198.57892849331756,196.56642949601653,196.2228927317767,197.82943330134597,199.30925663669518,199.7155318151985,197.24751619311996,195.2570446731358,195.3620632705346,197.17835813535743,198.44420060790642,198.4332908408753,222.5554289200425,218.97113038435646,216.99486187224926,217.41765886771262,216.7959230441788,218.58716558271402,221.76449982562286,223.52039684676865,224.2271282666408,224.41704816052987,224.36052628240049,223.7947658814666,222.1646455140056,219.62697373753147,219.6038678568246,219.3914900914405,221.5082653770804,221.20652037112208,221.35926194544766,221.33332223341085,9.401890992007571,-2.5366270862680986,2.8435697951992327,0.41375655,0.34602562,0.31143144,0.3212824,0.102603205,0.0,0.14286272,0.0018518066,1.0,0.03046258,0.1364795,0.46543193,0.5661574,0.0,0.32929456,0.35668916,0.4040482,0.60951895,0.043219276,0.12836114,0.51672316,0.0030528184,0.028368622,0.0003714468,0.036307044,0.12343605,0.29174095,P16_T11.mp4,174,00:17
174,408.3256696428571,269.47271902901787,15.43831845238094,19.34765625,0.5577820539474487,408.0774639007669,408.7503170644432,409.6730160962125,411.0848940848639,413.11895064490716,415.67339375906494,418.459650109083,421.24575008380094,423.8307569579487,425.76947993899563,426.8960657229913,427.6724898459656,428.1100445419816,428.41432873441704,428.52759980580635,428.3958155595032,428.0054087084053,413.0911047706647,414.4973311068756,416.13166333886664,417.7938414451001,419.2849961755132,422.2311926289728,423.25751140083054,424.4865742089493,425.79845780434886,426.7981858559219,421.3876281481502,421.78825336399353,422.2176710089935,422.71934788117983,420.7115416137768,421.73787007260006,422.77970874703357,423.6617761479957,424.4272124843938,414.790692553789,416.168396312025,417.35731910283545,418.5199279438039,417.45230256722175,416.2618630743852,423.00658024663903,423.87103951203505,424.8779940398676,426.0232147777719,424.98614624191873,424.0063179851776,420.32579004152547,421.3767427666379,422.5234290040364,423.371729027134,424.03934361825566,425.10331562499385,425.97541790616566,425.46135417281516,424.6996819144381,423.9092698132885,422.9563187342403,421.6821727887062,420.74827320308293,422.7052408917142,423.5299974371014,424.2412836363805,425.7335523678256,424.43859466885084,423.6905478193691,422.8358184188871,279.8721439733037,282.57015068380696,285.31113846021304,287.7961094255426,289.63204678342277,290.65294223845535,291.10163971249546,290.9896085726896,290.61676972544353,289.68807619184787,288.162867626162,286.3923311238975,284.50128461931433,282.47464273943166,280.379262152394,278.29907003532696,276.397323585428,275.5380634527986,274.7399543656369,274.42986076160867,274.4609206326173,274.64284530425044,274.52613120855364,274.0978732317087,273.70690246083376,273.67178305935647,274.2348379287736,276.14049099347153,277.3297908840102,278.37001529483655,279.4258737760463,282.19455935450804,282.1316176042759,281.94879827218665,281.7614952589252,281.46050601861043,277.274045857215,276.4870241939889,276.3027947164939,277.0177806446661,277.3909273990297,277.51180827374174,276.4375950686966,275.61601238836136,275.5317344046996,276.02071720053044,276.4895566435398,276.5801034777292,286.2777869084717,284.9087031656743,283.81111600481506,283.84767046103786,283.53247736160245,284.0674552534574,284.91037209144395,285.5280489915849,286.0807526464441,286.31376568217365,286.41025339391615,286.3049546951295,286.0525192935818,284.93107036900307,284.83418687552745,284.6345274458506,284.83984129567233,284.9512690759131,285.1041819778138,285.1798095012882,9.401890992007571,-2.5366270862680986,2.8435697951992327,0.4122145,0.28420946,0.5085833,0.33961827,0.20441528,0.0,0.2032923,0.08071495,1.0,0.14378485,0.34761116,0.75342256,0.39213556,0.0,0.5661436,0.6132319,0.060844995,0.12991522,0.4661127,0.07037105,0.41036668,0.0012768031,0.1419458,0.029514167,0.26865733,0.027089555,0.1211497,P16_T11.mp4,174,00:17
175,266.05079985119045,174.36805245535714,55.498865327381,65.98060128348214,0.9951619505882263,270.67135443099033,270.9614486444101,271.5811269968529,272.729621832046,274.77643431129843,278.249320254604,283.5833212868725,290.07158295955117,297.13218250291754,304.42509196624775,311.09623360689994,316.4623423991805,319.79183712029067,321.56786558337893,322.6624034777096,323.3616244579268,323.71410428265546,273.84252252408476,276.8317627680538,281.3594902106961,286.1909825000815,290.48681296154155,299.74827474622305,304.07291417674224,309.0530077959226,313.9117965186012,317.4373734504472,294.77014907529366,294.83114603247094,294.9087171725192,294.9681095675735,290.6817932156429,292.90192200068543,295.3247659731224,297.88323555900934,300.2984507824113,278.22680447257744,280.92120642643783,284.37485650146846,287.93069830653525,284.6855540004432,281.26877581914,301.9741893935092,304.9258144539438,308.3907059024364,311.653422523426,308.51423358940866,305.09746012740584,286.89681993940604,289.8533200371145,293.188126330782,295.42573068506454,297.7852770413977,301.64557035141024,305.4851270556327,301.956633596163,298.3550334547874,295.7249296087075,293.26949650762157,290.1132897764993,288.34290559664385,293.1881381290329,295.4586336471875,297.8310778514098,304.0116765352465,298.1247882287319,295.71214030472674,293.4021607600944,203.57648122967012,209.9718812291281,216.5181832173074,223.10842661115623,228.84639267545126,233.46977797677874,236.33370899788886,237.76452535880577,238.14063943974674,237.487445795959,235.87913654843163,232.55667358486065,227.41418884022792,221.43014901646362,214.9552217269574,208.12111792550905,201.32485347436227,192.09438097550708,189.19318399908937,188.20253914257538,188.7247839995718,190.18922537556716,189.75715926953575,187.87662661923395,187.05373637303362,187.95831298919776,191.07178881519332,194.82862326302248,198.13021512074303,201.1596850406469,204.30025672967022,211.13703873407394,211.53893435289183,211.6944164226144,211.3950145690559,210.8617430667639,198.4757599335899,196.36997507701545,196.04221730723253,197.77387726796857,199.24177081217863,199.62880771380716,197.29543459728094,195.24739981923486,195.42754023334828,197.41043922779966,198.62166182357785,198.55250755572501,222.47836225844205,219.03693045204838,217.08772254288047,217.54189857110728,216.97059422719892,218.80131466218103,221.92234844770616,223.41007485168703,223.97794354493197,224.1161105016268,224.04482546966057,223.5776194531346,222.10053979077009,219.71269179016667,219.73527836169865,219.5784937650762,221.62833603516088,221.03416196169883,221.1384962540993,221.10543283576393,8.64754407884442,-2.375096665612163,2.5280339772270963,0.46640363,0.31523886,0.35855243,0.39661387,0.082302675,0.0,0.13657945,0.004868884,1.0,0.04371924,0.35435745,0.648156,0.5532291,0.0,0.43070805,0.3193872,0.11691957,0.5194843,0.18881296,0.09533036,0.37409103,0.00094158814,0.01154735,0.00037995016,0.020972079,0.063109286,0.5289587,P16_T11.mp4,175,00:17
175,408.40539434523805,269.46673409598213,15.400483630952408,19.39890485491071,0.5307110548019409,408.0792374384207,408.7446243742018,409.65883348944783,411.0677981515648,413.10535624621497,415.66565057168066,418.456963141967,421.24630404946026,423.83434803715693,425.7791748484727,426.9185850401648,427.71394770581327,428.16807811903305,428.48508431068257,428.60204373607274,428.4704931735031,428.08101692718617,413.13498599506414,414.5405998016954,416.1764985499902,417.8419819528057,419.3349094795233,422.2812355383687,423.309351539846,424.5437706253405,425.8623704157301,426.8670332038426,421.43785365671556,421.83833569421796,422.26776412805344,422.76937540037176,420.753674179858,421.7831652114747,422.82715441657814,423.71137372210586,424.4793620490882,414.8255279693385,416.20689906497705,417.39933741193016,418.5652269933079,417.4950594898814,416.30131965123235,423.0638718907602,423.9264486936515,424.9363340987613,426.08522658709524,425.04700390596645,424.06509224721214,420.35547877168915,421.41698816404676,422.5704788863682,423.4187711935138,424.0863226570621,425.1496885482355,426.0199577498072,425.4980998177587,424.73232874422,423.9408469658568,422.9873641592963,421.71305393706643,420.7781666440547,422.74812695279036,423.5735876545453,424.2846683264993,425.77852132758903,424.4757059396865,423.72684177053463,422.871622974534,279.88325879377715,282.5832060920026,285.3289137272553,287.8190253211461,289.6574128670274,290.67774766868513,291.1274310873575,291.022279438441,290.65705006567015,289.73258580636815,288.2126183327742,286.4455977649097,284.55621893989724,282.52517871011014,280.4216975635295,278.33297266874644,276.42320010711705,275.55244388679773,274.75244829921684,274.4419447097346,274.4750945912411,274.65953594480953,274.54435809227385,274.11144560124393,273.7164102648633,273.67991091538886,274.24640529504694,276.1708238008089,277.36225411608063,278.4036556004881,279.460672210211,282.23973716088125,282.1760792317584,281.99169060386635,281.8034807519545,281.50376164456884,277.29333263818546,276.5053765425507,276.3222755311766,277.04524723067226,277.4186712835669,277.53771545445085,276.46327994627313,275.63326749237694,275.5460210669039,276.03833180741225,276.5113505004365,276.6046569098988,286.3267693530436,284.9618805813452,283.86395300930434,283.9004669277157,283.5852894845259,284.11978909124554,284.9585866140892,285.5758738578332,286.1296086238072,286.36340814805686,286.4592023769337,286.3526410099328,286.10217462187563,284.98540594563553,284.8896228169011,284.6893415601337,284.8885599782667,285.00163712885393,285.15469976738694,285.22898747037164,8.64754407884442,-2.375096665612163,2.5280339772270963,0.4224184,0.2760564,0.6236418,0.3452627,0.20441528,0.0,0.18943954,0.13099656,1.0,0.17198758,0.32752615,0.85496193,0.37574434,0.0,0.60000265,0.5637897,0.08658535,0.14232585,0.36978734,0.058020517,0.4158426,0.0012403742,0.14715266,0.030326549,0.26474568,0.026102936,0.11458928,P16_T11.mp4,175,00:17
176,267.73543526785716,175.88621651785715,53.972228422619025,63.21600167410713,0.9946272969245911,272.1305981532866,272.3456560186887,272.90348549474976,273.97602232163024,275.8888233976763,279.18223784493995,284.35545953917466,290.7445040609029,297.7074092524685,304.9355763292632,311.6041143488029,316.92799897007745,320.22144958982744,322.03546360576223,323.3859769468096,324.44909988412803,325.0589544386237,275.0779956396352,277.9372102563123,282.26461974629365,286.94091060594974,291.11286657523567,300.6667888749072,305.0085588419534,310.06065696578077,315.08139354397775,318.83325356116717,295.755374593459,295.7918455027806,295.8388697349829,295.85461833120985,291.7057630159934,293.8678467814413,296.24713954483656,298.8111810212772,301.2128306419921,279.31082199064866,282.02706146401687,285.44017971160025,289.00733623135216,285.75787135495455,282.38484578688445,303.42688522714525,306.4824565338024,309.92426860615075,313.24792777353,310.04805989742346,306.6331782411325,287.6943789742157,290.73360709940215,294.06130628134605,296.3103012274937,298.6784053887174,302.66186879262494,306.78503486022055,302.96006120507803,299.2256046753643,296.60334810376935,294.16216647707887,290.99527886536504,289.097584323914,294.05569502440727,296.3561860263773,298.765373088927,305.3434979789361,298.98765301729884,296.5700422869998,294.26029791087575,203.9656281667833,210.2129624518333,216.57087376675102,223.00196202147288,228.62878217246782,233.30230809770157,236.27245355637808,237.78098188230766,238.22171649862415,237.70440472879048,236.1493631070277,232.87131292332393,227.7558722544079,221.83661111628302,215.40027785104633,208.5959076238537,201.83707403536386,191.7564532056614,188.96183473680168,188.04392398499235,188.6222248275242,190.2161970876776,189.9828280314715,188.00208824379501,187.03676666633592,187.7940320152742,190.75782355065243,194.9885778964344,198.22830559167363,201.1756533408536,204.24713601992616,211.33226126039034,211.73096344761518,211.8580871291891,211.59612146177497,211.05829084908223,198.77913343085342,196.80447740321813,196.45446564334628,198.01523834340873,199.4872754129932,199.87616581330659,197.57141776185398,195.6820587177169,195.8045138877765,197.58095599433773,198.80749266012006,198.76129587354205,222.71541262805064,219.5062619876449,217.63262667115046,218.09445889010692,217.53274991488917,219.27663452299146,222.21379067415373,223.57666144083655,223.98000274943055,224.08331589189126,224.00954662762385,223.6701175807779,222.39907971371332,220.33840551363406,220.36705864435194,220.22731980817758,221.94812184845364,221.03455405578183,221.10036537306118,221.0813567315055,8.378559238794333,-1.514689750356532,3.923270176323554,0.47499928,0.43029067,0.16135666,0.32897115,0.07425685,0.0,0.12487161,0.003394721,1.0,0.03248218,0.16265814,0.54484373,0.5477725,0.0,0.35861087,0.66974837,0.0846095,0.3824076,0.26013345,0.12613958,0.45039323,0.00029654682,0.0021187183,0.00018965281,0.013239193,0.0154693825,0.5182934,P16_T11.mp4,176,00:17
176,408.2229538690476,269.55374581473217,15.0361607142857,19.016476004464266,0.5919514298439026,407.4563108705761,408.1171059182757,409.0089544655102,410.38433940125213,412.37319212586635,414.86924537846323,417.5814185460833,420.2949831618402,422.7818682265917,424.56596452929944,425.5480113557154,426.2075618530288,426.63390673075406,426.9585017934588,427.0685037256305,426.9306388266149,426.55571904288206,412.999345147569,414.34563582768317,415.94855755801615,417.57907770322566,419.01748823471604,422.11686347020856,422.92450730249885,423.9723235162115,425.1062272523789,425.91252996261363,421.1515711483366,421.569489807873,422.01252118192446,422.5425785918368,420.37226225992197,421.38815541618635,422.4324515245442,423.2864415971196,424.0314675429274,414.41293539988095,415.88823970946055,417.04151626655835,418.2570652283921,417.1681489283176,416.01525729773266,422.64447802493646,423.4809328586272,424.3501282085445,425.41169840423055,424.4318713660445,423.57936387261776,419.86096967747267,420.9393311021404,422.1717120978865,423.0440983933843,423.7070751447117,424.6644077847692,425.26080041035044,424.9296384741322,424.25452089575816,423.4679201662281,422.4989064346766,421.2105329130287,420.26744255394874,422.2784537160955,423.1324016235759,423.83710957752675,425.1287488537947,424.03994816769045,423.3030288014478,422.42009851185804,279.5632190263661,282.16602953906204,284.8404690271027,287.29819488837853,289.1177139514239,290.11834062295037,290.5690093198638,290.50344939787806,290.17341503791147,289.2873482093155,287.761128187295,286.0287956595045,284.207357404552,282.3241554463329,280.3780132426787,278.4641218960827,276.7130095790214,275.42883420465995,274.6475007116006,274.33807828229317,274.36030608820795,274.5420607706808,274.4012776390382,273.97742934298935,273.59659012397685,273.5976904969413,274.20877153740895,276.3737383429094,277.50917702455325,278.4994861693531,279.51166743708836,282.2258006015463,282.1596639698734,281.97355132080213,281.7900161831866,281.5188742195299,277.4904727244041,276.9445013915202,276.72051632610516,277.1768052221399,277.54697327169305,277.67347739792064,276.6708601258584,276.1026535061557,276.0170304798287,276.35262451160264,276.71741107087917,276.78366535676895,286.2027579603786,284.7997837908696,283.63254378648736,283.6539065278714,283.3417596893578,283.89056152426775,284.8196285888317,285.4325227283866,286.0044732004806,286.23971362594614,286.33016319549245,286.23387852085654,285.99346130985003,284.82349689626164,284.74400617093613,284.54465504218257,284.7409172376824,284.85634894596546,284.9900449412283,285.05377680231885,8.378559238794333,-1.514689750356532,3.923270176323554,0.33116835,0.2433544,0.68529105,0.28601933,0.1830441,0.0,0.4605751,0.22294782,1.0,0.12284089,0.53530353,0.43528396,0.50458103,0.0,0.57335156,0.5663033,0.18631831,0.23190103,0.245342,0.62099206,0.24025185,0.005111691,0.04577093,0.079105414,0.5118247,0.017382367,0.10055294,P16_T11.mp4,176,00:17
177,267.98519345238094,176.06107700892858,54.122805059523785,63.31130022321429,0.9940354824066162,272.1223895373724,272.35200429309543,273.0032618984718,274.2678927066395,276.4351411426067,279.90806446442883,285.1744560540281,291.60293561718623,298.56852145648764,305.76407639701785,312.37087439252065,317.7053840942268,321.040144367391,322.88360591804405,324.2187390288471,325.27335276516555,325.88903091188655,275.82956354094506,278.9007428340627,283.29820905337306,288.053706877511,292.27598377303354,301.77765549291786,306.0580178811441,311.00082296611475,315.870671368077,319.51095218554076,296.638341484904,296.6097357269396,296.5990215867871,296.55524576563124,292.48375250566653,294.7344328929041,297.17229601060507,299.7561245706591,302.1761707887699,279.8690955155349,282.71626052327355,286.25903406143254,289.7727286262231,286.4778995820807,282.9547225957011,304.2494021920607,307.3752050336104,310.9481896394059,314.2990664065696,311.0372039475119,307.49355416838944,288.7280229789385,291.7342200610717,294.94031782067515,297.1374637341666,299.4062349878072,303.2709467013407,307.33812215376713,303.5850756904543,299.9978583955213,297.4530689742057,295.055392938831,291.9808150987207,290.09966386569664,294.9499270368221,297.19488355544064,299.51086766843486,305.8905766105266,299.7780555008192,297.4361328439561,295.1744620855645,204.06892038975874,210.30371900135518,216.71778926866995,223.19169751061526,228.8745480902147,233.56133684903781,236.5868587803262,238.2062743469607,238.70002594101575,237.9659216771055,236.27818195720735,232.9864140959656,227.89887755139398,221.98057853430842,215.52510984380066,208.74714372335,201.9434654778841,192.4521569489292,189.6729742019853,188.66094758784132,189.0342103889508,190.35563383816807,189.85172962271741,188.12793496457127,187.3438487387279,188.12972367351475,190.9441009670629,195.08007831653413,198.2614013251762,201.17136360196199,204.1991497217864,211.63741208824928,211.9155268945086,211.93265774497232,211.69312923974425,211.17353419773877,199.21380279841202,196.8597214491103,196.5103843282612,198.4287474998752,199.99376367274272,200.37769080185697,197.83310742169817,195.53510096568016,195.64373220326246,197.72657282270026,199.11336792333017,199.07830922803808,223.1534372527332,219.78152164569258,217.74818977278392,218.12523150456005,217.55997230815967,219.2720701683286,222.19998293182815,223.43242603576743,223.91066793835057,224.09752688985319,224.1082455583828,223.90604899373704,222.77431699588098,220.4449424718846,220.4006504157425,220.23102646737624,221.90109645993914,221.07390234855802,221.20583661455328,221.2540366601086,7.674551829315663,-1.3012738266989623,3.9452115124260256,0.4408195,0.31949696,0.24750051,0.3843936,0.07453984,0.0,0.11201548,0.006138461,1.0,0.026923053,0.20607501,0.5054393,0.57345885,0.0,0.32298183,0.6445357,0.035986017,0.4005669,0.5794892,0.1292314,0.64247143,0.00013091187,0.0031829053,0.00014634208,0.008427544,0.043424346,0.30221656,P16_T11.mp4,177,00:17
177,408.1487351190476,269.52457449776784,15.274330357142844,19.225341796875,0.563921332359314,407.37484371293414,408.03564734253325,408.92473982797696,410.3134995840361,412.3355241136293,414.8858902617025,417.67104159881296,420.4534592299622,422.99047587226545,424.8211746746167,425.83076886382355,426.5140440927137,426.95324118242297,427.29410461354,427.43043788507515,427.3385424615483,426.9952024688437,412.99283601140655,414.39877218656056,416.0780858333472,417.7877741436025,419.29448753644994,422.3381968536722,423.20784399907734,424.33228546603516,425.54782892174137,426.4103461549692,421.4028582589834,421.82395898528796,422.2721863803529,422.80955486642944,420.5294914583343,421.5764953410386,422.6642737957549,423.5528189899649,424.32162016249663,414.4359934908646,415.92873308090657,417.1006623756623,418.3594954678689,417.244553216595,416.06949418604074,422.88718634029084,423.7385734849626,424.63052756100245,425.7426852274819,424.71565334949577,423.8386604006477,420.0337913616111,421.1251533363147,422.3761098350881,423.25947088871783,423.93423285120684,424.919764102479,425.5512460541928,425.19747727576924,424.49854924257545,423.69713473791074,422.71720978402465,421.4109988723083,420.4564597060222,422.49319165619255,423.35326945563014,424.0731279407528,425.4108919797249,424.2917336608067,423.53749758562935,422.6447542001219,279.6387000217319,282.3187714419777,285.05287068275334,287.56979706142863,289.4391775281094,290.4608134995606,290.91270967103605,290.8256656130177,290.4821056037368,289.5876034607221,288.0506652906986,286.30375567613936,284.47196779173515,282.5710025704158,280.6099026934693,278.662054689937,276.87068041284925,275.660522550401,274.8521967750317,274.5243748264778,274.56704841656443,274.78386512683187,274.83127869903524,274.3834947748821,273.97301053593816,273.9649696176244,274.5987280533516,276.46387457604123,277.6169271360979,278.6227886065766,279.6564649851685,282.35795914443275,282.3113417572151,282.1392379156763,281.9527848680487,281.65614064346715,277.5752209313954,277.0353050658957,276.80555756890516,277.25286295700477,277.61875121102617,277.75657028200345,276.8036351740693,276.2653845590319,276.1963289187855,276.5279365275562,276.8693004963845,276.92798097995234,286.346947680284,284.94290364768653,283.7778306194914,283.81544107811476,283.50304229156296,284.0744542175189,285.03305406474226,285.61540631495717,286.1772131422518,286.40340668398255,286.48055137116876,286.3546221334878,286.1283392100229,284.9751924553695,284.90161753713454,284.70705962887564,284.9516644327361,285.015920273859,285.14485136270355,285.1981091252162,7.674551829315663,-1.3012738266989623,3.9452115124260256,0.30980185,0.18207738,0.69633657,0.26451436,0.222655,0.0,0.5172875,0.10210722,1.0,0.13699315,0.34159294,0.5663313,0.41518453,0.0,0.5195286,0.48903498,0.31456852,0.16101722,0.16782908,0.6476972,0.13389497,0.0019629446,0.096957885,0.08891365,0.5737197,0.021510389,0.08304043,P16_T11.mp4,177,00:17
178,268.4093563988095,175.98697684151784,54.252436755952374,63.690548270089295,0.9938836097717285,272.98403863270494,273.30333383841133,274.02222524019066,275.22954286891274,277.1948802536104,280.44562569956287,285.58316938063416,291.9710688050788,298.91916754520514,306.14956169562134,312.87125193633824,318.28356761448447,321.666374814836,323.54413037648743,324.9730231159293,326.14084908909047,326.87490006599876,276.61976622108637,279.6929928258922,284.13734155876654,288.9284392362143,293.16073385965177,302.393681576575,306.7271721437928,311.7180081283,316.6232097672962,320.26995370082244,297.365012139601,297.3393327691549,297.3180312370978,297.26908235729593,293.1310456465602,295.3405078818585,297.7684383748264,300.3609295806397,302.7989619015239,280.6429063127505,283.4837817644753,286.9916807996262,290.5086133972385,287.203712131548,283.7250252594245,305.02832029620185,308.12514668433147,311.6446964184208,314.9846454464897,311.7307498702084,308.23487508524244,289.18046788453074,292.2441666547991,295.50982453984244,297.7309055855581,300.0458846592381,303.9406575094413,308.00648038652224,304.1817347285308,300.5408172833495,297.9534829069393,295.5163799086684,292.417535432707,290.5484148270039,295.4753188823218,297.75911781567567,300.12705461180303,306.5655428971319,300.3480830621621,297.9638102322544,295.6718159489923,204.36460866401472,210.58048318393827,216.98588485093288,223.46727230807133,229.164443589197,233.91174238299135,236.92910713218333,238.44715562096016,238.895521893342,238.27900744949736,236.77917641724244,233.66142204830223,228.71184069901938,222.90812986908713,216.5346805001782,209.78162106576042,202.99260960161752,192.4911228510716,189.63271326827584,188.64330357035354,189.12662763392942,190.56252787587067,190.1373081142635,188.40836716931648,187.65267755312863,188.5260358119673,191.4840742455092,195.13428491682313,198.36019603813716,201.3064083858749,204.3781407856947,211.88207694737426,212.1907304980581,212.22389911544644,212.01741183068322,211.5247751800869,199.19106739818824,196.90033043375587,196.60155776909252,198.5036921050818,199.9839208079009,200.33525942175308,198.07864545258886,195.87239029140696,196.01478848212705,198.1088119934961,199.38956205292703,199.32563923474368,223.41387270183236,220.07047971349078,218.07569783511238,218.49030783021806,217.93164827455251,219.69316562149706,222.7052687647169,223.8605989931319,224.2757146490713,224.43431904173605,224.4146711572702,224.18722400317534,223.06584138316268,220.78978452716788,220.7703416403373,220.61659796938017,222.40206359562845,221.42286733544614,221.5296483259121,221.55420248711565,8.68895378043304,-0.7953118940963705,1.6857768463794793,0.50646555,0.36457598,0.37681672,0.3624973,0.064089596,0.0,0.11654766,0.0003700113,1.0,0.023840887,0.29863474,0.57862204,0.5682642,0.0,0.31982228,0.57511276,0.23036194,0.23142831,0.2985953,0.15564054,0.68364483,0.00023010725,0.0023167382,0.000118100244,0.0064964956,0.047622867,0.2595708,P16_T11.mp4,178,00:17
178,408.3178943452381,269.52118443080354,15.345870535714255,19.368457031250045,0.5675227046012878,407.3414937782415,408.0415251293911,408.9778199837554,410.40438597195714,412.45919568510425,415.0238645470392,417.82435845207823,420.6317568916844,423.23474564339904,425.1287076849996,426.1773103216051,426.88662518243933,427.33606272706464,427.6761678534367,427.8132943481387,427.73618909433884,427.3845427004148,413.00901358089345,414.4325612595671,416.1038465200172,417.805825373539,419.316624536183,422.4441708941006,423.3559878296445,424.50438204791334,425.75095392674376,426.6712505284364,421.49569647677873,421.90990343982753,422.3511231475643,422.8804975809523,420.61817917433035,421.68399188977367,422.7895264590781,423.68972454803,424.466398795754,414.548420014567,416.06094531085273,417.3089330071647,418.5275473394262,417.3968840878357,416.1531757067882,423.0402591459377,423.9259250182745,424.91191305749516,426.0233824233658,424.99995418526635,424.0385351509711,420.2556412373151,421.3179254917747,422.54341388112334,423.421165306032,424.08546631419966,425.088494035438,425.77273285690626,425.3942455004545,424.6766352236916,423.88490925685204,422.9120334607449,421.6189003044663,420.6865457034011,422.6871151994721,423.53852576959343,424.245150300145,425.59676696992415,424.45167817289877,423.70524589740603,422.8247251778345,279.3402831043519,282.0791487740871,284.87255666501886,287.44194676567867,289.3827526940878,290.4753177102988,291.0070472216892,290.9785410804797,290.63667103094576,289.6809817628965,288.06434123880297,286.24292945307747,284.3589737223072,282.37254162095087,280.3318443663984,278.29518191460005,276.4252153471643,275.366251752688,274.58288977610715,274.2589841230418,274.29562151738975,274.49043703310144,274.48615286914696,274.0276358061523,273.6015966541513,273.57287509257156,274.17488775092477,276.13818121090713,277.39063039469363,278.49201864137376,279.6163162556577,282.33604760929313,282.3052251796012,282.1324206385023,281.9185712438409,281.5790784377495,277.16476456085985,276.4775798138785,276.2699554445136,276.93223108559914,277.3444964946359,277.46273457108833,276.41389296333256,275.6564119086584,275.56247477384113,276.0270748647821,276.5074352762494,276.58726757184206,286.3943471152342,284.96807447277774,283.78406870443206,283.818792251568,283.4860834554636,284.0716625180498,285.0189524696704,285.6441661096976,286.23711379575144,286.47985999750273,286.56427846117015,286.42860657346966,286.16693385661875,285.0056199574966,284.9161089839839,284.71117148155184,284.94609605365497,285.0394153268316,285.1865010308038,285.24666496172614,8.68895378043304,-0.7953118940963705,1.6857768463794793,0.37972903,0.24513297,0.6750714,0.3402054,0.21478851,0.0,0.19448258,0.056300156,1.0,0.13926612,0.4051201,0.6897716,0.38313815,0.0,0.6199791,0.6222703,0.18930987,0.11307942,0.3427322,0.08618405,0.31079942,0.0052645775,0.089500815,0.035784006,0.440704,0.018503735,0.09944357,P16_T11.mp4,178,00:17
179,269.0053385416666,172.90754045758928,54.98733258928576,65.77529296875,0.9941984415054321,272.58799239997103,272.97580327038,273.6830787085502,274.81539264011013,276.8165596791769,280.2607358141481,285.6889424259838,292.3175928597111,299.3441879057784,306.5142901927901,312.9554452300228,318.06004250778284,321.12777177124684,322.77586917355825,323.95958808710964,324.8328635332494,325.26109646060905,276.01013211562696,279.04692853173873,283.4964292625808,288.2270731150841,292.46314896073477,302.4880707814235,306.6328700281533,311.3788532797124,316.04218584499256,319.6034245768066,297.1584376272529,297.2094497738446,297.2822489951265,297.3498449115914,292.8487251387495,295.12009236366885,297.56016475050876,300.12078820663436,302.5354415555664,280.3955112886003,283.21475216705284,286.6436806429718,290.11732178523835,286.8588109513063,283.46293475205243,304.56512562189187,307.589252508282,311.01911955500657,314.1688973139569,311.07102087394037,307.68765424747886,289.0407269681448,292.1224689290748,295.4525275565479,297.6748632780293,300.0118810608767,303.763736701614,307.55029829138823,304.06580595331667,300.55594162349286,297.99174736415205,295.56840694257573,292.4113911325758,290.48627420414755,295.3994289129523,297.6773284965863,300.03334351709276,306.1426726091623,300.361833889819,297.9860735977784,295.69590437674594,203.3743076601345,209.72575508773792,216.1643131771777,222.61321201163344,228.22646291525336,232.72289453868288,235.46760960194047,236.72029817970235,237.06442198995734,236.53225469549417,235.06520030942744,231.78660547164037,226.62034009302968,220.66408978227525,214.266367755956,207.5411574400263,200.8177725149365,191.28656716568278,188.54606038104976,187.541396783666,187.92181670301943,189.2688234136661,188.96581794346565,187.18252165130107,186.41810160014776,187.17022378620925,189.91847672037315,194.11347421520156,197.48396195654874,200.6066670052195,203.8330170871364,210.5852742379601,210.96923202821984,211.08619347582805,210.7663737095916,210.22118874385487,197.71399413469132,195.67267555406897,195.37568023025523,197.1204715963127,198.4829329690966,198.82929617636137,196.51401842204854,194.50962636901068,194.65689495010068,196.56995630113872,197.7677608336974,197.69040754454676,221.856060591531,218.56909624265043,216.71662093088264,217.1959177556052,216.59441383691737,218.35254278810694,221.29590553906047,222.54428939357865,222.9984024111717,223.12320645292988,223.0603480843408,222.7319235762325,221.50612187643537,219.35363793458325,219.37052750446836,219.19082530366023,220.98034344991203,220.0986279234453,220.20143788742834,220.1651323690987,9.554617220050101,-0.4726916616235472,0.8090848997421694,0.56464136,0.4314071,0.23075446,0.32607743,0.07211586,0.0,0.123402216,0.001748151,1.0,0.025615176,0.2046059,0.5847133,0.55276364,0.0,0.4138169,0.36886057,0.0367258,0.32708684,0.12727827,0.0868645,0.38602698,0.0005090775,0.0029157058,0.0002953546,0.022690449,0.03608717,0.5514752,P16_T11.mp4,179,00:17
179,408.31246279761905,269.63925083705357,15.291927083333292,19.314341517857144,0.5406740307807922,407.39223966131186,408.0892358503238,409.0217767093324,410.44348965149976,412.4873701134178,415.0372600070334,417.82210882763775,420.6118839679738,423.2048964276085,425.1021843407755,426.16638406477205,426.8784859304822,427.32491327949134,427.6655642826749,427.8050484808428,427.7292279165823,427.37645037537175,412.9987748736941,414.4248781254821,416.0959739162081,417.78839821235675,419.2858004791955,422.4047908193671,423.3214717194079,424.4729568218693,425.7202026173087,426.6365809755599,421.44508681910116,421.853341406802,422.2875924848871,422.80835946300465,420.5813728357266,421.63705165672116,422.73166442864044,423.62561186892117,424.39404038477693,414.5483352068898,416.0597877078371,417.30238209594705,418.5111636400436,417.3863077409326,416.14564740992415,422.9813484375192,423.88105936796273,424.8750859744355,425.9875155566686,424.95724333864234,423.9876784100969,420.243062041636,421.2872774298955,422.49300592671017,423.36002576625907,424.01822546054746,425.02129792837826,425.7149613225633,425.3262144636709,424.6094819126717,423.8220208934668,422.8561997468823,421.5818522855719,420.6699360733479,422.63436892320533,423.4759186121954,424.17622687399387,425.538167781436,424.39068894011365,423.64929439813034,422.7759584806753,279.339281948125,282.0613443678644,284.8386089216918,287.389033443949,289.3124076430087,290.39341432321817,290.9214063860795,290.8988718579071,290.575369033868,289.6356023993809,288.0376554111764,286.22700911175326,284.350410083696,282.3589059602935,280.3143105879825,278.27631725773483,276.40827366941346,275.3050598692695,274.5222260816801,274.20389962332655,274.2472169765251,274.44991237738566,274.4747594852639,274.0161379062291,273.5845116199247,273.55201946061766,274.15208208916647,276.10763899839685,277.3497864811695,278.4391206586707,279.5482885917489,282.2810491101989,282.2481604691861,282.0719402378425,281.86789030627614,281.53711404606565,277.1156329508166,276.41764003166264,276.2194268081351,276.9042750463448,277.3047630133134,277.4154318328714,276.4109682253968,275.6377018038483,275.5459881253554,276.0250803173413,276.509210728077,276.5865854453655,286.2699037353282,284.85502077766824,283.68138105110796,283.7225999523513,283.40088060525375,284.0024345299748,284.9608993522264,285.58117633116035,286.1658196894665,286.3975584113811,286.4698313623294,286.3109844896357,286.04431255205805,284.89745537194693,284.8160522900096,284.6224006783031,284.88400538627457,284.96517499989034,285.10087535348583,285.15237376822427,9.554617220050101,-0.4726916616235472,0.8090848997421694,0.39004192,0.22718768,0.6427306,0.34381616,0.19551851,0.0,0.20662048,0.04843528,1.0,0.13564609,0.32179612,0.41036487,0.37096393,0.0,0.5265614,0.5722415,0.18725917,0.17675751,0.2719886,0.11804984,0.32370606,0.0048764045,0.09258589,0.028852025,0.4266174,0.017205475,0.10615677,P16_T11.mp4,179,00:17
180,269.27752976190476,173.16673409598215,54.737909226190425,65.4275181361607,0.9941589832305908,272.7230736989097,273.33325456881266,274.20274338472257,275.4125803875313,277.4310531971154,280.9063456882557,286.38217354259933,293.03058298346224,300.10579882199477,307.37421307857716,314.09615528619753,319.4697659027189,322.6701329829594,324.3371268422175,325.5754283682746,326.58950947470134,327.1825449443492,276.1830236599275,279.15706326725484,283.5968667106897,288.41894413860376,292.7739226007972,303.2986081208877,307.6982008917354,312.675381307941,317.48668363272645,321.06503337515767,297.7920226703172,297.86181164445674,297.9417462965909,298.00679469332795,293.67352320870754,295.8936577475284,298.3074399595132,300.8897911138625,303.30134108949886,280.9074360678557,283.7279532693372,287.23660763244436,290.77542058495953,287.5035353663641,284.03339760968464,305.37208894338164,308.40580109523364,311.95852925693566,315.26755055843086,312.05588658396573,308.56865607411487,289.6019311287305,292.7660653160403,296.1366018099893,298.3911090447839,300.74551002610707,304.62065828780857,308.5343629337343,304.85744381141296,301.2158941698499,298.61867079932574,296.175221370714,293.00074729616745,291.0082493877408,296.09846894230503,298.41778824692756,300.8059582376648,307.11326605336455,301.04216347341344,298.6237763965085,296.29874312840275,204.63730319908495,211.11362687239293,217.65900246066872,224.2355544819706,229.92598354878686,234.45029609096102,237.09683924948595,238.1860161560882,238.4058656978371,237.77737183235638,236.28474043453892,233.0933537768408,227.9787059754444,222.00581711508468,215.52701083929693,208.67338540608063,201.83375005790356,192.11631046157905,189.09878085331817,187.88461041055422,188.1709450294573,189.46839613900778,189.15735482869653,187.44380222849333,186.78685904892166,187.80854122429804,190.84734259424008,194.61957867661465,197.9681414477667,201.01776939798577,204.1764446676845,211.45279576461695,211.7740412496825,211.84229994858947,211.55487027034562,211.02132834513787,198.64840962528342,196.32922603314327,195.9838892425811,197.89310648422122,199.32708435106713,199.70199944318156,197.18816905322254,194.94313361375146,195.07363988454313,197.17688151847938,198.40281448967488,198.35901913565593,223.08181587167167,219.65596952153302,217.68570506151633,218.11338189096972,217.504383825547,219.27615240095946,222.28348485407716,223.41762003028032,223.78720255778452,223.91875475063887,223.8903159659647,223.6962143579458,222.69717393836171,220.40256132514733,220.38380492413134,220.1913739835682,221.9603066360726,220.9484109685866,221.05780926862417,221.0603644070859,9.18505782039184,-0.5438908797328117,0.015365852033696675,0.45128158,0.3844595,0.3893748,0.40643537,0.05776009,0.0,0.12197748,0.0021945762,1.0,0.026240073,0.2801709,0.39789033,0.4591021,0.0,0.47121114,0.53775334,0.060197864,0.3567563,0.29030335,0.13403161,0.41047236,0.00044639022,0.0018742781,0.00018569516,0.01920866,0.025376061,0.5424366,P16_T11.mp4,180,00:18
180,408.4330729166666,269.57864815848217,15.147842261904827,19.211070033482144,0.5117977857589722,408.1038268036688,408.77862787709245,409.70972047086883,411.1120949549265,413.12280269186857,415.64283345805876,418.4119923074128,421.1892170228387,423.7427025831095,425.6624089380507,426.78530391088157,427.5668190031941,428.00803974040514,428.3150208319551,428.42756371010756,428.2923374729916,427.89439484784214,412.82001117879463,414.2178786712481,415.84365840833897,417.49776967176786,418.98241392863497,422.134061093818,423.1542378805601,424.38106847684594,425.69783554095807,426.6935921280698,421.19711799897385,421.60478363405946,422.0407443822887,422.54514544692523,420.56966507088356,421.60507356553154,422.6496760482353,423.5346265978614,424.30531391766175,414.4737528139486,415.85857545128226,417.0677834355796,418.27045078571985,417.1784781723579,415.9621661799529,422.8728229737009,423.7630335123088,424.80138666641034,425.97271668407416,424.9164358716012,423.90772168362776,420.18607061839566,421.23773451264,422.38804106337017,423.24251720452213,423.91522554983203,425.00475092171627,425.9013069747229,425.36445007420576,424.5896652394776,423.7924004100413,422.83402299750446,421.55104050734644,420.6073286805994,422.5745920414604,423.4069097232808,424.12458905066944,425.65719704196704,424.3309474324099,423.5756608327006,422.71070043973793,280.0009817760413,282.66721770096837,285.38277770230394,287.83460724249517,289.6376677080247,290.62495994505076,291.0356293251505,290.8736538180477,290.47327219591745,289.5464286096983,288.07252418404374,286.3590923917919,284.49509135381084,282.4708392826488,280.37573950200306,278.301061340022,276.4041029259361,275.4823530646793,274.68353758279625,274.36117981760447,274.3817422797567,274.55795671993786,274.41220019923713,273.9707651051083,273.56053989727565,273.5124480296235,274.0713747611311,276.073313788646,277.24815115267245,278.27573424573956,279.3136950991999,282.16608832749324,282.0767111113691,281.86983744857633,281.6821899524068,281.38466255056306,277.27226355775423,276.43503352990194,276.248051776852,276.9959966521282,277.3631852429525,277.49315286516946,276.3848959964722,275.5045719836542,275.40737898452886,275.9224649170658,276.4027803712352,276.50849337079995,286.17887318727225,284.794132994907,283.687028981684,283.71449002656436,283.3939577303805,283.9249555418123,284.7741359678295,285.3708712747889,285.92915012625343,286.16931781543855,286.2753709004977,286.1835258316538,285.9437360152404,284.8192306173608,284.714676656643,284.5060070676227,284.6977397119748,284.81199607138655,284.97359920204883,285.05600157384913,9.18505782039184,-0.5438908797328117,0.015365852033696675,0.39061856,0.32145363,0.63868845,0.38125184,0.21841425,0.0,0.22808702,0.004003235,1.0,0.16977271,0.33244038,0.7819038,0.3804514,0.0,0.73699456,0.6091266,0.076444544,0.09749702,0.33557752,0.09659347,0.3101691,0.003004649,0.13004883,0.019615997,0.4303883,0.012456026,0.09431718,P16_T11.mp4,180,00:18
